20150101110000 2
20150101160000 1
20150101230000 2
20150102000000 1
20150102030000 1
20150102050000 2
20150102110000 3
20150102120000 1
20150102150000 1
20150102200000 2
20150103030000 2
20150103040000 1
20150103110000 1
20150103170000 2
20150103200000 1
20150103210000 1
20150104100000 2
20150104120000 1
20150104150000 1
20150104160000 1
20150104180000 2
20150104200000 1
20150104210000 1
20150105010000 1
20150105050000 1
20150105130000 1
20150105150000 1
20150105160000 2
20150105180000 1
20150106050000 3
20150106060000 1
20150106080000 1
20150106100000 1
20150106110000 1
20150106140000 2
20150106160000 1
20150106170000 1
20150106210000 2
20150107110000 1
20150107130000 1
20150107140000 1
20150107180000 3
20150107220000 4
20150108070000 1
20150108110000 4
20150108120000 1
20150109010000 1
20150109080000 1
20150109090000 1
20150109110000 1
20150109140000 2
20150109180000 1
20150110010000 1
20150110030000 1
20150110050000 1
20150110100000 1
20150110120000 1
20150110140000 2
20150110180000 1
20150111060000 1
20150111090000 1
20150111100000 3
20150111120000 1
20150111140000 2
20150111180000 1
20150111210000 1
20150112000000 1
20150112030000 1
20150112040000 1
20150112100000 1
20150112110000 1
20150112120000 1
20150112130000 1
20150112150000 2
20150112180000 1
20150112210000 1
20150112220000 1
20150113000000 1
20150113030000 1
20150113060000 2
20150113110000 2
20150113120000 1
20150113190000 2
20150113200000 1
20150114010000 1
20150114020000 2
20150114070000 1
20150114130000 2
20150114140000 1
20150114160000 1
20150114170000 1
20150114180000 1
20150115010000 2
20150115090000 2
20150115100000 1
20150115120000 1
20150115160000 1
20150115170000 1
20150115180000 1
20150115210000 1
20150115230000 1
20150116020000 2
20150116050000 2
20150116080000 1
20150116110000 1
20150116120000 2
20150116140000 2
20150116180000 1
20150116220000 1
20150116230000 1
20150117070000 1
20150117130000 1
20150117140000 1
20150117170000 1
20150117230000 2
20150118160000 1
20150118190000 1
20150119000000 1
20150119010000 1
20150119020000 2
20150119060000 2
20150119090000 1
20150119100000 1
20150119170000 1
20150119180000 1
20150119190000 1
20150119210000 1
20150120010000 3
20150120090000 1
20150120100000 2
20150120120000 1
20150120190000 1
20150120210000 3
20150120220000 1
20150121020000 1
20150121030000 1
20150121040000 1
20150121090000 1
20150121100000 1
20150121110000 1
20150121120000 3
20150121160000 1
20150121220000 2
20150122070000 1
20150122080000 1
20150122100000 1
20150122110000 2
20150122150000 1
20150123070000 1
20150123120000 1
20150123140000 2
20150123170000 1
20150124050000 1
20150124110000 2
20150124140000 2
20150124180000 1
20150124190000 1
20150124230000 1
20150125010000 1
20150125030000 1
20150125120000 1
20150125150000 1
20150125160000 3
20150125210000 1
20150126020000 1
20150126080000 1
20150126090000 1
20150126100000 1
20150126110000 3
20150126120000 3
20150126140000 3
20150126150000 2
20150126180000 2
20150127100000 1
20150127120000 1
20150127130000 2
20150127140000 2
20150127150000 1
20150127170000 1
20150127190000 4
20150127210000 1
20150127220000 2
20150128110000 1
20150128160000 2
20150128170000 1
20150128180000 1
20150128210000 1
20150128220000 1
20150129040000 1
20150129110000 3
20150129130000 3
20150129140000 2
20150129150000 1
20150129160000 1
20150129170000 1
20150129180000 4
20150129190000 3
20150129200000 2
20150129210000 2
20150129230000 2
20150130010000 2
20150130100000 1
20150130110000 1
20150130120000 1
20150130130000 2
20150130150000 1
20150130160000 1
20150130180000 1
20150130200000 1
20150130220000 2
20150130230000 1
20150131020000 1
20150131080000 1
20150131090000 1
20150131110000 1
20150131120000 1
20150131130000 2
20150131150000 1
20150131180000 2
20150131190000 1
20150131200000 1
20150131210000 2
20150201000000 1
20150201010000 1
20150201200000 1
20150201220000 1
20150201230000 1
20150202030000 2
20150202140000 1
20150202210000 1
20150203070000 1
20150203130000 1
20150203190000 2
20150204010000 1
20150204030000 1
20150204040000 1
20150204110000 1
20150204150000 2
20150204190000 1
20150204220000 1
20150204230000 1
20150205100000 1
20150205110000 1
20150205130000 2
20150205140000 1
20150205150000 1
20150205160000 1
20150205180000 1
20150205190000 3
20150205210000 1
20150205220000 1
20150206010000 1
20150206050000 2
20150206080000 1
20150206090000 2
20150206150000 2
20150206180000 3
20150207070000 1
20150207100000 1
20150207110000 2
20150207120000 1
20150207210000 1
20150208020000 1
20150208090000 1
20150208120000 1
20150208180000 2
20150208190000 1
20150209100000 1
20150209110000 1
20150209120000 1
20150209220000 1
20150210020000 1
20150210030000 2
20150210080000 2
20150210110000 2
20150210120000 2
20150210140000 1
20150210160000 1
20150210170000 1
20150210210000 2
20150212060000 1
20150212100000 1
20150212110000 1
20150212120000 1
20150212150000 1
20150212210000 1
20150213090000 2
20150213100000 1
20150214090000 1
20150214110000 2
20150214130000 1
20150214140000 1
20150214150000 1
20150214160000 1
20150214180000 1
20150215000000 1
20150215070000 1
20150215170000 1
20150216050000 1
20150216140000 1
20150216150000 2
20150216160000 1
20150216190000 1
20150216200000 1
20150216210000 1
20150217020000 1
20150217140000 2
20150217150000 1
20150217210000 1
20150218090000 1
20150218100000 1
20150218110000 3
20150218150000 1
20150218200000 2
20150219020000 1
20150219070000 1
20150219090000 1
20150219120000 1
20150219140000 2
20150219150000 1
20150219160000 1
20150219190000 1
20150219210000 2
20150220030000 1
20150220040000 1
20150220100000 2
20150220160000 1
20150220220000 1
20150221050000 1
20150221120000 1
20150221130000 2
20150221170000 1
20150221180000 1
20150221190000 1
20150221200000 1
20150222090000 1
20150222160000 1
20150222190000 2
20150223030000 1
20150223040000 2
20150223090000 1
20150223130000 1
20150223140000 4
20150223160000 1
20150223180000 1
20150223190000 1
20150223220000 1
20150224030000 1
20150224090000 1
20150224100000 1
20150224120000 1
20150224230000 2
20150225000000 1
20150225050000 1
20150225100000 2
20150225110000 2
20150225120000 2
20150225130000 1
20150225140000 1
20150225150000 2
20150226030000 1
20150226160000 1
20150226170000 1
20150226180000 2
20150227010000 1
20150227110000 3
20150227140000 4
20150227150000 1
20150227200000 1
20150227220000 1
20150228000000 1
20150228030000 1
20150228040000 1
20150228060000 1
20150228070000 1
20150228080000 1
20150228100000 1
20150228120000 1
20150228220000 1
20150301050000 1
20150301160000 1
20150301180000 2
20150301200000 1
20150302030000 2
20150302040000 2
20150302090000 1
20150302100000 1
20150302110000 1
20150302160000 1
20150302180000 1
20150303110000 1
20150303120000 1
20150303130000 1
20150303140000 1
20150303160000 1
20150303230000 1
20150304000000 1
20150304050000 1
20150304070000 1
20150304090000 1
20150304110000 2
20150304210000 1
20150305040000 1
20150305070000 2
20150305130000 3
20150305150000 2
20150305160000 1
20150305190000 1
20150305230000 1
20150306010000 1
20150306050000 1
20150306100000 1
20150306160000 2
20150306230000 1
20150307010000 1
20150307020000 1
20150307100000 1
20150307130000 1
20150307170000 1
20150307190000 1
20150308000000 1
20150308020000 1
20150308030000 1
20150308040000 1
20150308050000 1
20150308080000 1
20150308090000 1
20150308140000 1
20150308170000 1
20150308180000 2
20150308200000 2
20150309120000 1
20150309130000 2
20150309160000 1
20150309170000 1
20150309180000 1
20150309190000 1
20150309210000 1
20150309220000 1
20150310010000 2
20150310090000 1
20150310110000 1
20150310140000 1
20150310170000 1
20150310190000 1
20150310230000 1
20150311020000 1
20150311100000 1
20150311130000 1
20150311140000 1
20150312010000 1
20150312030000 1
20150312050000 1
20150312080000 1
20150312100000 3
20150312180000 1
20150313020000 1
20150313070000 1
20150313110000 2
20150313150000 1
20150314040000 1
20150314090000 1
20150314170000 1
20150314230000 1
20150315120000 1
20150315160000 4
20150315170000 1
20150315200000 1
20150315220000 1
20150315230000 1
20150316000000 1
20150316080000 1
20150316130000 2
20150316160000 1
20150316180000 1
20150317100000 3
20150317140000 1
20150317150000 2
20150317170000 2
20150317180000 1
20150317220000 1
20150318090000 1
20150318110000 1
20150318140000 2
20150318160000 1
20150318190000 1
20150318200000 1
20150318210000 1
20150319200000 1
20150319220000 1
20150319230000 1
20150320070000 1
20150320110000 1
20150320150000 1
20150320170000 1
20150320180000 2
20150320190000 2
20150321010000 1
20150321040000 1
20150321050000 1
20150321110000 1
20150322180000 1
20150323040000 2
20150323060000 1
20150323110000 1
20150323140000 1
20150323150000 1
20150323190000 1
20150324110000 1
20150324160000 1
20150325040000 1
20150325070000 1
20150325100000 1
20150325110000 2
20150325170000 1
20150325180000 1
20150325230000 1
20150326070000 2
20150326080000 2
20150326090000 1
20150326100000 4
20150326110000 1
20150326180000 1
20150326220000 1
20150327090000 1
20150327210000 1
20150328040000 1
20150328050000 1
20150328070000 2
20150328110000 1
20150328120000 2
20150328130000 2
20150328200000 1
20150329140000 1
20150329190000 1
20150330070000 4
20150330080000 2
20150330140000 1
20150330150000 2
20150331030000 1
20150331040000 1
20150331090000 1
20150331140000 2
20150331230000 1
20150401020000 1
20150401050000 1
20150401140000 1
20150401170000 1
20150401230000 1
20150402030000 2
20150402080000 1
20150403060000 1
20150403080000 1
20150403140000 1
20150403170000 1
20150403180000 1
20150403230000 1
20150404020000 2
20150404050000 2
20150404080000 1
20150404090000 2
20150404100000 1
20150404140000 1
20150404150000 1
20150405000000 1
20150405080000 1
20150405180000 1
20150405200000 1
20150405210000 1
20150405230000 1
20150406080000 3
20150406120000 1
20150406180000 1
20150406200000 1
20150407060000 1
20150407090000 1
20150407100000 1
20150407130000 2
20150407140000 2
20150407150000 1
20150407170000 1
20150407180000 1
20150407200000 1
20150407230000 1
20150408010000 2
20150408080000 1
20150408100000 1
20150408140000 1
20150408180000 1
20150408190000 1
20150409040000 1
20150409090000 1
20150410120000 1
20150410150000 1
20150410190000 1
20150411080000 1
20150411130000 1
20150411180000 1
20150411210000 1
20150412020000 2
20150412080000 1
20150412110000 1
20150412170000 2
20150413090000 3
20150413120000 2
20150413150000 2
20150413160000 6
20150414010000 1
20150414070000 2
20150414090000 1
20150414110000 1
20150414130000 1
20150414140000 4
20150414160000 1
20150414170000 1
20150414180000 2
20150414210000 1
20150414230000 1
20150415020000 1
20150415070000 1
20150415080000 2
20150415100000 2
20150415110000 1
20150415140000 2
20150415160000 1
20150415220000 1
20150416070000 1
20150416110000 3
20150416150000 1
20150416160000 1
20150416170000 3
20150417050000 1
20150417080000 2
20150417090000 1
20150417140000 2
20150417150000 1
20150417170000 1
20150418030000 2
20150418050000 2
20150418100000 1
20150419020000 1
20150419030000 1
20150419080000 1
20150419120000 2
20150419130000 3
20150419150000 1
20150419170000 1
20150419210000 1
20150420060000 1
20150420090000 1
20150420140000 2
20150420150000 1
20150420160000 2
20150420170000 2
20150420200000 1
20150420210000 1
20150421020000 1
20150421030000 2
20150421050000 1
20150421080000 3
20150421110000 1
20150421140000 1
20150421150000 1
20150421180000 2
20150422040000 1
20150422080000 1
20150422090000 4
20150422100000 1
20150422110000 2
20150422180000 1
20150423050000 1
20150423100000 1
20150423110000 1
20150423120000 1
20150423140000 1
20150423150000 1
20150423160000 1
20150424050000 1
20150424070000 2
20150424100000 2
20150424110000 1
20150424140000 1
20150425040000 1
20150425050000 1
20150425070000 1
20150425170000 1
20150426100000 2
20150426120000 1
20150426130000 1
20150426170000 1
20150426210000 1
20150427010000 2
20150427030000 2
20150427060000 1
20150427110000 1
20150427140000 1
20150427150000 1
20150427200000 1
20150427230000 1
20150428040000 1
20150428110000 1
20150428160000 1
20150428170000 1
20150428190000 1
20150428200000 1
20150428210000 1
20150428220000 2
20150429060000 1
20150429120000 1
20150429180000 1
20150429210000 2
20150430070000 2
20150430100000 1
20150430190000 1
20160101230000 1
20160102000000 1
20160102110000 1
20160102130000 1
20160102160000 1
20160103170000 1
20160103190000 1
20160104090000 1
20160104100000 3
20160104150000 1
20160104230000 1
20160105100000 2
20160105130000 1
20160105150000 1
20160105160000 2
20160105170000 1
20160105180000 2
20160106160000 1
20160106170000 1
20160106180000 2
20160106190000 1
20160106220000 1
20160107090000 1
20160107120000 3
20160107140000 2
20160107150000 1
20160107160000 1
20160107210000 1
20160108160000 3
20160108170000 2
20160109120000 2
20160109150000 1
20160109160000 1
20160110110000 2
20160110130000 1
20160110150000 1
20160110160000 2
20160111000000 1
20160111090000 1
20160111110000 1
20160111120000 1
20160111150000 1
20160111160000 1
20160111180000 1
20160112140000 1
20160112200000 1
20160113170000 1
20160114100000 2
20160114130000 1
20160114140000 1
20160114150000 1
20160114190000 1
20160115140000 1
20160115210000 1
20160116170000 1
20160117000000 1
20160117120000 1
20160117130000 1
20160117220000 1
20160118170000 1
20160118180000 1
20160119170000 1
20160119180000 2
20160120110000 1
20160120150000 1
20160120160000 1
20160120170000 1
20160121010000 1
20160121170000 1
20160122080000 1
20160123160000 2
20160123170000 1
20160124010000 1
20160124100000 1
20160125140000 1
20160125170000 2
20160126080000 1
20160126120000 1
20160126180000 2
20160127020000 1
20160127110000 1
20160127170000 1
20160128180000 2
20160128210000 1
20160129100000 4
20160129140000 1
20160129180000 1
20160131160000 1
20160201020000 1
20160201190000 1
20160202140000 2
20160203160000 1
20160203170000 1
20160204140000 1
20160204150000 1
20160204170000 1
20160204180000 1
20160204210000 1
20160205100000 1
20160206110000 1
20160206170000 1
20160206180000 1
20160206200000 1
20160206210000 1
20160207190000 2
20160208120000 1
20160208150000 1
20160208210000 1
20160208220000 1
20160208230000 1
20160209000000 1
20160209100000 2
20160209120000 1
20160209150000 1
20160209180000 1
20160209220000 1
20160210200000 1
20160211100000 1
20160211130000 1
20160211160000 1
20160211170000 2
20160211210000 1
20160211220000 1
20160212190000 1
20160212210000 1
20160214120000 1
20160214130000 1
20160214220000 1
20160215130000 1
20160217080000 1
20160217090000 1
20160217220000 1
20160218080000 1
20160218140000 1
20160218230000 1
20160219090000 1
20160219120000 2
20160219130000 2
20160219170000 2
20160219180000 1
20160219220000 1
20160220170000 1
20160222140000 1
20160222160000 1
20160223090000 1
20160223100000 1
20160223110000 1
20160224010000 1
20160224130000 1
20160224170000 1
20160224180000 1
20160224190000 1
20160224230000 1
20160226090000 1
20160226110000 1
20160226150000 1
20160226190000 1
20160227160000 1
20160229100000 1
20160229120000 1
20160229170000 1
20160301080000 1
20160301100000 1
20160301140000 1
20160301160000 1
20160301180000 1
20160302080000 1
20160302190000 2
20160303100000 2
20160303120000 2
20160303140000 2
20160303180000 1
20160303210000 2
20160304120000 1
20160304170000 1
20160304210000 1
20160305130000 1
20160305180000 1
20160306130000 2
20160306170000 1
20160307170000 1
20160308100000 1
20160308160000 1
20160309140000 1
20160310020000 1
20160310130000 1
20160310140000 1
20160311100000 2
20160311110000 1
20160311140000 1
20160311160000 1
20160312120000 1
20160312160000 1
20160313160000 1
20160313170000 1
20160313180000 1
20160314000000 1
20160314130000 2
20160314140000 1
20160314160000 1
20160314210000 1
20160314230000 1
20160315110000 1
20160315120000 1
20160315150000 2
20160315160000 1
20160315190000 1
20160316000000 1
20160316200000 2
20160316220000 1
20160317090000 1
20160317190000 1
20160317210000 1
20160318140000 1
20160318160000 1
20160318200000 1
20160319200000 1
20160320100000 1
20160320160000 1
20160320220000 1
20160321160000 2
20160322130000 1
20160322150000 4
20160323130000 1
20160323210000 1
20160324130000 2
20160324140000 1
20160324160000 1
20160325100000 2
20160325110000 1
20160326110000 1
20160327160000 1
20160327200000 1
20160328020000 1
20160328150000 1
20160328160000 1
20160329000000 1
20160330110000 1
20160330160000 2
20160331090000 1
20160331100000 1
20160331110000 2
20160331170000 1
20160401150000 3
20160401230000 1
20160402170000 1
20160402180000 1
20160403000000 1
20160404110000 1
20160405090000 1
20160405100000 1
20160405130000 1
20160405150000 1
20160405190000 1
20160405200000 1
20160406090000 1
20160406110000 2
20160406130000 2
20160406170000 1
20160406180000 1
20160406200000 1
20160406220000 1
20160407090000 1
20160407160000 1
20160407210000 1
20160407230000 1
20160408140000 3
20160408170000 1
20160408200000 1
20160409190000 1
20160411090000 3
20160411140000 2
20160411150000 1
20160411200000 2
20160411210000 1
20160411220000 2
20160411230000 1
20160412000000 2
20160412080000 1
20160412130000 1
20160413110000 1
20160413130000 1
20160414090000 1
20160414160000 1
20160414200000 1
20160414210000 1
20160415000000 1
20160415030000 2
20160416100000 1
20160417110000 1
20160417210000 1
20160417220000 1
20160418090000 1
20160418150000 1
20160418160000 1
20160419120000 1
20160420100000 1
20160420160000 1
20160420180000 1
20160420220000 1
20160421080000 1
20160421100000 2
20160421110000 1
20160421130000 1
20160422100000 1
20160422110000 1
20160422180000 1
20160422200000 1
20160423090000 1
20160423220000 2
20160423230000 1
20160424090000 1
20160424100000 1
20160424170000 1
20160424190000 1
20160425140000 1
20160425170000 1
20160427080000 1
20160427090000 1
20160428070000 2
20160428100000 1
20160428110000 1
20160428170000 1
20160429080000 1
20160429160000 1
20160429190000 1
20160430180000 1
20151002140000 2
20151002160000 2
20151002170000 1
20151003140000 1
20151003180000 2
20151004160000 1
20151005140000 1
20151005180000 1
20151006150000 1
20151006160000 1
20151006190000 3
20151007080000 1
20151007090000 1
20151007110000 1
20151007130000 1
20151007140000 1
20151007160000 2
20151007170000 1
20151007180000 2
20151007190000 2
20151007210000 1
20151007220000 1
20151008100000 1
20151008140000 1
20151008210000 1
20151009210000 1
20151012200000 1
20151012220000 1
20151013070000 1
20151013100000 1
20151013160000 1
20151014150000 1
20151014220000 1
20151015110000 1
20151015150000 1
20151015170000 1
20151015230000 1
20151016100000 1
20151016150000 1
20151016230000 5
20151018100000 1
20151018150000 2
20151018160000 1
20151018190000 1
20151018200000 4
20151018230000 1
20151019130000 1
20151019160000 1
20151020010000 1
20151020080000 1
20151020210000 1
20151021150000 3
20151022000000 1
20151022120000 1
20151022140000 1
20151023090000 1
20151023110000 1
20151023200000 1
20151024140000 2
20151025000000 1
20151025110000 2
20151027150000 1
20151028010000 1
20151028090000 1
20151028100000 1
20151028110000 2
20151028170000 1
20151029090000 1
20151029110000 1
20151029200000 1
20151031120000 1
20151031160000 1
20151101110000 1
20151101200000 1
20151102110000 1
20151102120000 1
20151102150000 2
20151102200000 1
20151102210000 1
20151103160000 2
20151103170000 1
20151103180000 1
20151103210000 1
20151103220000 1
20151104100000 1
20151104170000 1
20151104220000 1
20151105100000 1
20151105130000 1
20151105180000 1
20151105190000 1
20151106090000 1
20151107110000 1
20151107190000 1
20151108000000 2
20151108140000 2
20151108190000 1
20151109110000 1
20151110010000 1
20151110090000 1
20151110110000 1
20151110150000 1
20151110160000 1
20151110200000 1
20151111010000 1
20151111110000 1
20151111120000 1
20151111150000 1
20151112170000 1
20151113130000 1
20151113150000 2
20151114190000 1
20151115110000 1
20151116130000 1
20151116150000 1
20151116220000 1
20151117090000 1
20151117150000 1
20151118080000 1
20151118160000 1
20151119190000 1
20151119230000 1
20151120160000 1
20151120220000 1
20151122110000 1
20151122130000 2
20151123000000 1
20151123120000 1
20151124090000 1
20151124140000 1
20151125120000 2
20151125130000 1
20151125160000 1
20151125220000 1
20151126170000 1
20151126190000 4
20151127090000 2
20151127100000 1
20151127110000 1
20151127150000 1
20151127170000 1
20151127180000 1
20151129110000 1
20151129150000 1
20151130090000 1
20151130150000 1
20151130160000 1
20151130180000 1
20151201000000 1
20151201080000 1
20151201100000 2
20151202180000 1
20151202210000 1
20151203090000 1
20151203100000 1
20151203180000 1
20151204120000 1
20151204220000 1
20151206110000 1
20151206190000 1
20151207130000 1
20151208000000 1
20151208110000 2
20151208140000 1
20151208180000 1
20151208190000 1
20151208210000 1
20151209090000 1
20151209110000 1
20151209160000 2
20151209170000 1
20151209220000 1
20151210120000 1
20151210130000 1
20151210200000 1
20151211130000 1
20151211140000 2
20151211150000 1
20151211170000 1
20151212120000 1
20151212200000 1
20151213180000 1
20151214150000 1
20151215120000 1
20151215140000 1
20151215170000 1
20151215180000 1
20151215230000 1
20151216010000 2
20151216130000 1
20151216140000 1
20151216150000 2
20151216220000 2
20151217110000 1
20151217150000 1
20151218120000 4
20151218150000 1
20151218200000 1
20151220150000 1
20151221110000 2
20151221120000 2
20151221130000 1
20151221180000 1
20151222150000 1
20151223200000 2
20151224140000 2
20151224220000 1
20151225210000 1
20151226110000 1
20151226200000 1
20151227140000 1
20151227160000 1
20151228010000 1
20151228120000 2
20151228230000 1
20151229110000 1
20151229160000 1
20151229180000 1
20151229230000 1
20151230120000 1
20151230140000 1
20151230160000 1
20140101070000 1
20140101160000 1
20140101210012 1
20140101230000 1
20140102110000 1
20140102150001 1
20140102160014 1
20140103080010 1
20140103090000 1
20140103110000 2
20140103130000 1
20140103140001 1
20140103200013 1
20140104000014 1
20140104050000 1
20140104070000 2
20140104120001 2
20140104130000 3
20140104150000 1
20140104160013 1
20140104180006 3
20140106180000 1
20140106190000 1
20140106200000 1
20140106230000 3
20140107000000 1
20140107030000 1
20140107080000 1
20140107110000 1
20140107140000 1
20140107150000 1
20140107170000 1
20140107190000 1
20140107210000 2
20140107220000 2
20140108080000 1
20140108160000 2
20140108200000 1
20140109050000 1
20140109110000 3
20140109130000 1
20140109150000 1
20140109170000 1
20140109180000 1
20140109190000 1
20140109230001 2
20140110030000 1
20140110070000 1
20140110120000 1
20140110160000 2
20140110180000 1
20140111000000 1
20140112020001 1
20140112080000 1
20140112150000 1
20140112210000 2
20140113110000 1
20140113120000 1
20140113160000 1
20140113170000 1
20140113180000 2
20140113220000 1
20140114030000 1
20140114110000 3
20140114130000 1
20140114140000 2
20140114210000 1
20140115040000 1
20140115100000 1
20140115110000 1
20140115140000 1
20140115150000 2
20140115160000 1
20140115180000 1
20140115230000 1
20140116100000 1
20140116110000 1
20140116130000 2
20140116140000 1
20140116150000 4
20140116170000 1
20140116190000 2
20140116210000 2
20140117020000 1
20140117040000 1
20140117100000 1
20140117120000 2
20140117140000 1
20140117170000 2
20140117180000 2
20140117190000 1
20140117210000 1
20140117220000 1
20140118090000 1
20140118100000 1
20140118110000 1
20140118120000 1
20140118140000 1
20140118170000 3
20140118180000 1
20140118230000 2
20140119080000 1
20140119110000 3
20140119200000 1
20140119220000 2
20140119230000 1
20140120000000 3
20140120090000 1
20140120160000 3
20140120180000 1
20140120190000 1
20140120210000 1
20140121060000 1
20140121080000 1
20140121150000 2
20140121160000 1
20140121170000 2
20140121190000 1
20140121200000 1
20140121230000 4
20140122010000 1
20140122100000 1
20140122120000 1
20140122140000 2
20140122160000 1
20140122180000 1
20140122190000 1
20140123010000 1
20140123120000 1
20140123140000 1
20140123230000 1
20140124030000 1
20140124100000 1
20140124120000 1
20140124150000 1
20140124160000 1
20140125030000 1
20140125110000 1
20140125150000 1
20140125160000 1
20140125220000 3
20140126100000 1
20140126110000 1
20140126120000 1
20140126160000 1
20140126170000 2
20140126190000 1
20140126200000 1
20140126220000 1
20140126230000 1
20140127090000 2
20140127100000 1
20140127110000 1
20140127120000 1
20140127160000 2
20140127170000 1
20140127180000 4
20140127220000 1
20140128000000 1
20140128130000 1
20140128150000 2
20140128170000 1
20140128190000 1
20140128220002 1
20140128230000 1
20140129010000 1
20140129100000 1
20140129110000 3
20140129120000 1
20140129130000 1
20140129170000 1
20140129180000 1
20140129230000 1
20140130000000 3
20140130010000 1
20140130020000 2
20140130090000 1
20140130160000 2
20140130200000 1
20140130220000 1
20140131020000 1
20140131100000 1
20140131120000 1
20140131140000 1
20140131190000 1
20140131230000 1
20140201110000 2
20140201180000 1
20140201200000 2
20140201220000 1
20140202030000 1
20140202050000 1
20140202080000 1
20140202220000 1
20140203030000 1
20140203140000 1
20140203150000 1
20140203160000 1
20140203170000 1
20140203210000 1
20140204050000 1
20140204140000 1
20140204180000 1
20140204200000 1
20140204220000 2
20140205050000 1
20140205120000 1
20140205150000 1
20140205180000 1
20140205190000 1
20140206030000 1
20140206070000 1
20140206140000 2
20140206150000 5
20140206160000 1
20140206220000 1
20140206230000 1
20140207060000 1
20140207160000 1
20140207170000 1
20140207180000 1
20140207190000 1
20140207230000 1
20140208200000 1
20140208210000 1
20140209090000 2
20140209100000 2
20140209180000 1
20140209200001 1
20140209210000 1
20140209230000 1
20140210070000 1
20140210080000 2
20140210090000 1
20140210100000 1
20140210110000 1
20140210130000 5
20140210140000 1
20140211090000 1
20140211100000 1
20140211110000 4
20140211120000 1
20140211160000 1
20140211180000 1
20140211190000 2
20140212030000 2
20140212080000 1
20140212090001 1
20140212150000 1
20140212160000 2
20140213010000 1
20140213050000 1
20140213100000 1
20140213220000 1
20140213230000 1
20140214030000 1
20140214080000 1
20140214100000 1
20140214170000 1
20140214180000 1
20140215080000 1
20140215120000 1
20140215140000 1
20140216050000 1
20140216090000 1
20140216170000 1
20140216180000 6
20140217010000 2
20140217120000 1
20140217130000 1
20140218000000 2
20140218080000 1
20140218110002 1
20140218150000 1
20140218160000 1
20140218180000 1
20140218220000 1
20140219070000 1
20140219170001 1
20140220020000 1
20140220060000 1
20140220080000 1
20140220110000 2
20140220120000 1
20140220190000 2
20140220220000 1
20140221060000 1
20140221110000 1
20140221200000 1
20140221220000 1
20140222020000 2
20140222050000 1
20140222060000 1
20140222070001 1
20140222170000 1
20140222210000 1
20140223010000 1
20140223180000 1
20140224030000 1
20140224070000 1
20140224090000 1
20140224100000 2
20140224130000 2
20140224140000 1
20140224190000 1
20140225030000 1
20140225120000 2
20140225130000 1
20140225140000 2
20140225160000 1
20140225210000 1
20140226000000 2
20140226090000 1
20140226100000 2
20140226130000 1
20140227000000 1
20140227090000 1
20140227120000 1
20140227130000 2
20140227150000 1
20140227190000 1
20140228120000 1
20140228130000 1
20140228140000 1
20140228170001 1
20140301000000 1
20140301050000 2
20140301110000 1
20140301180000 1
20140301200000 1
20140301230000 2
20140302030000 1
20140302060000 1
20140302090000 1
20140302110000 3
20140302140000 2
20140302180000 1
20140302190000 1
20140303070000 1
20140303100000 2
20140303110000 1
20140303140000 1
20140303160000 1
20140303210000 2
20140303230000 1
20140304000000 1
20140304040000 1
20140304090000 1
20140304130000 2
20140304140000 1
20140304170000 1
20140304180000 2
20140304190000 1
20140304200000 1
20140304230000 1
20140305000000 1
20140305030000 1
20140305050000 1
20140305090000 2
20140305100000 1
20140305110000 2
20140305160000 2
20140305190000 1
20140305200000 1
20140305220000 2
20140306070000 1
20140306130000 1
20140306160000 1
20140306190000 2
20140306210000 1
20140307040000 1
20140307110000 1
20140307120000 1
20140307140000 1
20140308020000 1
20140308040000 1
20140308050000 3
20140308080000 2
20140308110000 4
20140308120000 1
20140308200000 1
20140309010000 1
20140309090000 2
20140309230000 1
20140310030000 2
20140310040000 1
20140310050000 1
20140310110000 1
20140310160000 1
20140310220000 1
20140311000000 1
20140311010000 1
20140311020000 1
20140311090000 3
20140311100000 1
20140311180000 1
20140312010000 1
20140312020000 1
20140312040000 1
20140312140000 1
20140312190000 1
20140312200000 1
20140313010000 1
20140313020000 1
20140313130000 1
20140313160000 1
20140314020000 1
20140314050000 1
20140314090000 2
20140314120001 1
20140314130000 1
20140314140000 2
20140314190001 1
20140314210000 1
20140315000000 1
20140315020000 1
20140315190000 1
20140316040000 1
20140316070000 1
20140316100000 1
20140316120000 1
20140316130000 1
20140316170000 1
20140316200000 1
20140316210000 1
20140317040000 1
20140317090000 1
20140317130000 7
20140317170000 1
20140317180000 1
20140317190000 1
20140317210000 1
20140317230000 2
20140318020000 2
20140318080000 1
20140318140000 1
20140318170000 2
20140319020000 3
20140319100000 1
20140319110000 1
20140319120000 1
20140319130000 1
20140319150000 1
20140319170000 1
20140319190000 1
20140320020000 1
20140320080000 2
20140320110000 6
20140320140000 1
20140320160000 2
20140320210000 1
20140320220000 1
20140321000000 1
20140321130000 2
20140321150000 1
20140322010000 1
20140322030000 1
20140322060000 1
20140322110000 1
20140322200000 1
20140323030000 1
20140323060000 1
20140323120000 1
20140323160000 3
20140323170000 1
20140324040000 1
20140324070000 4
20140324090000 3
20140324120000 1
20140324130000 1
20140324160001 3
20140324180000 1
20140324200000 1
20140324210000 1
20140324220000 1
20140325050000 3
20140325080000 1
20140325140000 1
20140325150000 2
20140325190000 2
20140325220000 1
20140326070000 1
20140326130000 2
20140326140000 1
20140326200000 1
20140327060000 1
20140327080000 1
20140327090000 1
20140327160000 1
20140327210000 1
20140328000000 1
20140328100000 3
20140328130000 1
20140328160000 1
20140328170000 3
20140328230000 1
20140329000000 2
20140329020000 1
20140329140000 1
20140329150000 2
20140329170000 1
20140329230000 2
20140330030000 2
20140330040000 1
20140330080000 1
20140330110000 3
20140330120000 8
20140330130000 1
20140330140000 1
20140330220000 1
20140330230000 1
20140331000000 2
20140331050000 2
20140331080000 3
20140331120000 1
20140331140000 1
20140331150000 1
20140331220000 1
20140401050000 3
20140401070000 1
20140401100000 2
20140401150000 1
20140401170000 1
20140401180000 1
20140401190000 1
20140401200000 1
20140401230000 1
20140402070000 1
20140402090000 1
20140402110000 1
20140402130000 1
20140402140000 1
20140402220000 1
20140403030000 1
20140403050000 1
20140403060000 2
20140403100000 3
20140403150000 1
20140403160000 4
20140403200000 1
20140403210000 1
20140403220000 3
20140404040000 1
20140404110000 1
20140404120000 1
20140404150000 1
20140404160000 1
20140404210000 3
20140405030000 1
20140405050000 1
20140405060000 1
20140405110000 1
20140405150000 2
20140406030000 1
20140406050000 1
20140406080000 1
20140406100000 1
20140406140000 1
20140406170000 2
20140407020000 1
20140407070000 1
20140407120000 1
20140407150000 2
20140407160000 1
20140407170000 1
20140407220000 3
20140408020000 2
20140408050000 1
20140408060000 1
20140408110000 1
20140408140000 1
20140408160000 1
20140408190000 2
20140408200000 2
20140409060000 1
20140409100000 2
20140409130000 1
20140409170000 1
20140409210000 1
20140409220000 1
20140410050000 1
20140410060000 1
20140410090000 2
20140410150000 1
20140410160000 2
20140410170000 2
20140411000000 1
20140411040000 1
20140411090000 3
20140411150000 2
20140411190000 3
20140411230000 1
20140412010000 1
20140412140000 2
20140412150000 1
20140412160000 1
20140412180000 1
20140412190000 1
20140412200000 1
20140413030000 1
20140413100000 1
20140413130000 1
20140413150000 1
20140413160000 1
20140413170000 1
20140413180000 1
20140414050000 2
20140414070000 1
20140414100002 1
20140414120000 1
20140414130000 1
20140414160000 3
20140414170000 1
20140414180000 1
20140414200000 1
20140414210000 2
20140415020000 1
20140415030000 1
20140415060000 1
20140415160000 1
20140415170000 1
20140415220000 1
20140416040000 1
20140416070000 1
20140416080000 1
20140416090000 3
20140416110000 4
20140416170000 2
20140416210000 2
20140417000000 1
20140417010000 2
20140417060000 1
20140417070000 1
20140417110000 1
20140417130000 1
20140417190000 1
20140417210000 1
20140418020000 2
20140418030000 2
20140418040000 1
20140418050001 1
20140418060000 1
20140418070000 1
20140418090000 1
20140418130000 1
20140418160000 1
20140418180000 1
20140418200000 1
20140419020000 2
20140419060000 3
20140419100000 1
20140419160000 1
20140419170000 2
20140420030000 1
20140420050000 1
20140420060000 2
20140420100000 1
20140420120000 1
20140420160000 1
20140420170000 1
20140420190000 1
20140421020000 2
20140421070000 1
20140421100000 1
20140421150000 1
20140421180000 1
20140422010000 1
20140422050000 1
20140422090000 1
20140422130000 1
20140422140000 2
20140422180000 2
20140422210000 1
20140423030000 1
20140423110000 2
20140423130000 1
20140423140000 1
20140423160002 1
20140423200000 1
20140423210000 3
20140424080000 3
20140424090000 2
20140424100000 1
20140424120000 1
20140424190000 2
20140425060000 1
20140425070000 1
20140425090000 1
20140425100000 1
20140425110000 1
20140425130000 1
20140425150000 1
20140425170000 1
20140425180000 2
20140426000000 1
20140426080000 2
20140426090000 1
20140426110000 1
20140426150000 1
20140426180000 1
20140426210000 1
20140427050000 1
20140427110000 1
20140427120000 1
20140427130000 1
20140427150000 1
20140427190000 2
20140427200000 1
20140427220000 1
20140428030000 1
20140428040000 1
20140428060000 1
20140428100000 2
20140428160000 1
20140428210000 1
20140428230000 1
20140429040000 1
20140429050000 1
20140429070000 6
20140429080000 3
20140429130000 2
20140429150000 1
20140429180000 1
20140429190000 3
20140429200000 4
20140429210000 1
20140429220000 1
20140429230000 1
20140430030000 1
20140430080000 1
20140430090000 1
20140430150000 1
20140430160000 1
20140430220000 1
20141001010000 2
20141001070000 3
20141001120000 1
20141001140000 1
20141001160000 1
20141001180000 1
20141001190000 1
20141001220000 1
20141002010000 1
20141002030000 1
20141002070000 2
20141002080000 1
20141002100000 1
20141002120000 1
20141002130000 1
20141002140000 1
20141002230000 1
20141003030000 1
20141003080000 1
20141003090000 1
20141003100000 1
20141003120000 1
20141003150000 2
20141003160000 1
20141003180000 1
20141003200000 1
20141003210000 1
20141004020000 1
20141004070000 2
20141004100000 1
20141005000000 1
20141005070000 1
20141005110000 1
20141005150000 1
20141005160000 2
20141005170000 1
20141005190000 3
20141005200000 2
20141005210000 1
20141006000000 1
20141006030000 1
20141006120000 1
20141006130000 2
20141006150000 1
20141006160000 1
20141006180000 1
20141006190000 1
20141006200000 1
20141007000000 3
20141007020000 1
20141007030000 3
20141007220000 1
20141008000000 1
20141008030000 1
20141008090000 2
20141008130000 1
20141008150000 1
20141008160000 1
20141008180000 1
20141008200000 1
20141008210000 1
20141008220000 2
20141009010000 1
20141009100000 1
20141009120000 2
20141009150000 1
20141009180000 1
20141010050000 1
20141010090000 1
20141010110000 1
20141010150000 2
20141010230000 1
20141011010000 1
20141011050000 1
20141011070000 1
20141011080000 1
20141011100000 1
20141011110000 2
20141011160000 1
20141011210000 2
20141012030000 1
20141012050000 2
20141012080000 2
20141012090000 1
20141012100000 1
20141012130000 1
20141012150000 2
20141012160000 1
20141012180000 1
20141012210000 1
20141013010000 1
20141013020000 1
20141013080000 1
20141013090000 1
20141013150000 1
20141013160000 1
20141013180000 1
20141013190000 1
20141013210000 1
20141013220000 2
20141014070000 1
20141014090000 1
20141014110000 1
20141014120000 3
20141014130000 2
20141014140000 1
20141014150000 1
20141014160000 1
20141014170000 3
20141014180000 1
20141014210000 2
20141014220000 1
20141014230000 1
20141015020000 1
20141015040000 1
20141015060000 1
20141015070000 1
20141015080000 1
20141015100000 1
20141015120000 1
20141015140000 1
20141015150000 1
20141015160000 1
20141015170000 1
20141015220000 4
20141016120000 1
20141016130000 2
20141016140000 1
20141016150000 1
20141016170000 1
20141016180000 1
20141017050000 1
20141017080000 1
20141017100000 1
20141017140000 2
20141017190000 1
20141018110000 1
20141018170000 1
20141018180000 1
20141019000000 1
20141019030000 2
20141019040000 1
20141019130000 2
20141019170000 1
20141019220000 1
20141020040000 2
20141020060000 2
20141020080000 2
20141020100000 1
20141020110000 1
20141020130000 1
20141020160000 1
20141020190000 1
20141021070000 1
20141021080000 2
20141021130000 1
20141021150000 1
20141021170000 1
20141021210000 1
20141021220000 1
20141022040000 1
20141022110000 1
20141022170000 1
20141022180000 1
20141022200000 1
20141023030000 1
20141023120000 1
20141023130000 1
20141023190000 1
20141023200000 1
20141023220000 1
20141023230000 1
20141024010000 2
20141024090000 3
20141024120000 3
20141024150000 2
20141024160000 1
20141024200000 1
20141024210000 2
20141024220000 1
20141025050000 1
20141025130000 1
20141025150000 1
20141025170000 2
20141025180000 1
20141025230000 1
20141026020000 1
20141026100000 1
20141026110000 1
20141026120000 2
20141026130000 3
20141026160000 1
20141026210000 1
20141026220000 1
20141027080000 1
20141027090000 1
20141027200000 2
20141028090000 1
20141028110000 1
20141028190000 1
20141028230000 2
20141029100000 1
20141029110000 3
20141029130000 1
20141029150000 1
20141029180000 1
20141029190000 1
20141030040000 1
20141030090000 3
20141030140000 1
20141030150000 1
20141030180000 1
20141030210000 1
20141031060000 1
20141031090000 1
20141031190000 1
20141031230000 1
20141101020000 2
20141101060000 1
20141101100000 1
20141101110000 1
20141101130000 1
20141101150000 1
20141101170000 2
20141101200000 1
20141102000000 1
20141102010000 1
20141102160000 1
20141102180000 1
20141102200000 1
20141102210000 1
20141102220000 2
20141103050000 1
20141103080000 1
20141103090000 1
20141103110000 2
20141103210000 1
20141103220000 1
20141104020000 1
20141104090000 1
20141104150000 1
20141104180000 1
20141104200000 1
20141105030000 1
20141105100000 1
20141105120000 1
20141105150000 1
20141105180000 1
20141105220000 1
20141106030000 1
20141106090000 1
20141106110000 1
20141106120000 1
20141106140000 2
20141106150000 1
20141106160000 2
20141106190000 2
20141107060000 1
20141107110000 1
20141107120000 1
20141107160000 2
20141107170000 1
20141107180000 1
20141107190000 1
20141107210000 1
20141107220000 1
20141108060000 2
20141108080000 1
20141108120000 1
20141108140000 1
20141108180000 1
20141109000000 1
20141109060000 2
20141109070000 1
20141109110000 1
20141109130000 1
20141109180000 1
20141110000000 1
20141110090000 1
20141110120000 1
20141110130000 2
20141110150000 1
20141110160000 2
20141110170000 2
20141110200000 2
20141111000000 1
20141111010000 1
20141111070000 1
20141111080000 1
20141111090000 1
20141111140000 1
20141111150000 2
20141111160000 5
20141111180000 1
20141111200000 1
20141112100000 1
20141112110000 1
20141112150000 2
20141112170000 1
20141112180000 1
20141112190000 1
20141112200000 1
20141112220000 1
20141113030000 1
20141113040000 1
20141113090000 1
20141113120000 1
20141113130000 1
20141113190000 1
20141114090000 2
20141114100000 1
20141114150000 1
20141114200000 1
20141114230000 1
20141115080000 1
20141115110000 1
20141115140000 1
20141115160000 2
20141115180000 1
20141115210000 1
20141116000000 1
20141116030000 1
20141116070000 1
20141116100000 2
20141116140000 1
20141116160000 1
20141116170000 6
20141116180000 1
20141116190000 3
20141116200000 1
20141116210000 1
20141117000000 4
20141117030000 1
20141117040000 2
20141117050000 2
20141117110000 3
20141117130000 4
20141117150000 1
20141117170000 6
20141117180000 1
20141117200000 1
20141117220000 2
20141118010000 1
20141118110000 1
20141118150000 3
20141118200000 1
20141119130000 2
20141119150000 1
20141119210000 1
20141120020000 1
20141120070000 1
20141120140000 1
20141120150000 3
20141120160000 1
20141120180000 1
20141120210000 1
20141121040000 2
20141121050000 1
20141121060000 1
20141121100000 1
20141121110000 1
20141121150000 2
20141121190000 2
20141122020000 1
20141122110000 1
20141122160000 2
20141122220000 1
20141123020000 1
20141123140000 2
20141123170000 1
20141123210000 3
20141123230000 1
20141124000000 3
20141124040000 1
20141124080000 1
20141124170000 1
20141124230000 2
20141125040000 1
20141125110000 1
20141125140000 1
20141126010000 1
20141126020000 1
20141126090000 1
20141126100000 2
20141126110000 3
20141126120000 1
20141126140000 1
20141126150000 1
20141126180000 2
20141127020000 1
20141127070000 1
20141127090000 1
20141127100000 1
20141127150000 1
20141127160000 1
20141127170000 1
20141127190000 2
20141128040000 1
20141128050000 2
20141128160000 1
20141128180000 1
20141129000000 3
20141129020000 1
20141129080000 1
20141129100000 1
20141129110000 1
20141129160000 1
20141129170000 1
20141129230000 2
20141130060000 1
20141130080000 1
20141130170000 2
20141130230000 1
20141201000000 1
20141201040000 1
20141201110000 1
20141201120000 1
20141201130000 1
20141201140000 1
20141201150000 1
20141202030000 2
20141202070000 1
20141202100000 1
20141202110000 2
20141202140000 2
20141202170000 1
20141202210000 1
20141203000000 1
20141203080000 1
20141203090000 1
20141203220000 1
20141204010000 1
20141204040000 1
20141204110000 1
20141204120000 1
20141204150000 1
20141204210000 2
20141204220000 2
20141204230000 1
20141205010000 1
20141205030000 2
20141205040000 1
20141205070000 1
20141205140000 1
20141205180000 1
20141205190000 1
20141205200000 3
20141205220000 1
20141206000000 1
20141206030000 1
20141206070000 1
20141206110000 2
20141206120000 1
20141206150000 1
20141206170000 1
20141206180000 4
20141206220000 4
20141206230000 1
20141207040000 1
20141207070000 1
20141207110000 1
20141207120000 1
20141207180000 1
20141207210000 1
20141207230000 1
20141208110000 1
20141208160000 2
20141208180000 2
20141209000000 3
20141209080000 1
20141209090000 2
20141209120000 1
20141209150000 1
20141209200000 1
20141209220000 3
20141210070000 2
20141210110000 2
20141210130000 4
20141210150000 1
20141211080000 1
20141211130000 1
20141211140000 1
20141211150000 1
20141211160000 4
20141211180000 1
20141211190000 1
20141211210000 1
20141211220000 1
20141212090000 1
20141212100000 1
20141212150000 1
20141212180000 2
20141212230000 1
20141213090000 1
20141213130000 1
20141213180000 1
20141213190000 1
20141213230000 1
20141214010000 2
20141214110000 1
20141214170000 2
20141214180000 1
20141214200000 1
20141214230000 1
20141215010000 1
20141215140000 2
20141215150000 1
20141215160000 1
20141215180000 2
20141215200000 1
20141215210000 1
20141216010000 3
20141216050000 1
20141216100000 1
20141216110000 1
20141216140000 1
20141216150000 1
20141216170000 2
20141217050000 1
20141217140000 2
20141217180000 1
20141218040000 2
20141218110000 1
20141218130000 1
20141218150000 1
20141218180000 1
20141219060000 1
20141219080000 1
20141219110000 1
20141219170000 1
20141219180000 1
20141219220000 1
20141220020000 2
20141220050000 2
20141220060000 1
20141220080000 1
20141220170000 1
20141220200000 1
20141220230000 1
20141221060000 1
20141221190000 2
20141221200000 1
20141222150000 2
20141223040000 1
20141223080000 1
20141223110000 2
20141223190000 4
20141223210000 1
20141223220000 1
20141224030000 1
20141224050000 1
20141224090000 2
20141224150000 1
20141225010000 1
20141225090000 1
20141225120000 1
20141225130000 1
20141226000000 1
20141226070000 2
20141226090000 2
20141226120000 1
20141226160000 1
20141226190000 1
20141227010000 1
20141227040000 1
20141227210000 1
20141227220000 3
20141228020000 1
20141228150000 1
20141228160000 1
20141228170000 1
20141229090000 2
20141229110000 3
20141229140000 1
20141229160000 2
20141229180000 2
20141229230000 1
20141230080000 1
20141230110000 1
20141230140000 3
20141230180000 1
20141230190000 1
20141231090000 1
20141231120000 1
20141231130000 1
20141231210000 1
20130101110000 1
20130101180000 1
20130101220000 1
20130102060000 1
20130102100000 1
20130102120000 2
20130102130000 1
20130102140001 1
20130102170000 1
20130102190000 1
20130103170000 1
20130104100000 1
20130104150000 1
20130105020000 1
20130105070000 1
20130105210000 1
20130105220000 1
20130106010000 2
20130106030000 1
20130106090000 1
20130106170001 1
20130106180000 1
20130106190000 1
20130107150000 2
20130107230000 1
20130108110000 1
20130108120000 8
20130109020000 1
20130109110000 1
20130109130000 1
20130109150000 1
20130109190000 1
20130110090000 1
20130110120000 1
20130110140000 1
20130110190000 1
20130110220000 1
20130110230000 1
20130111040000 1
20130111060000 1
20130111080001 1
20130111220000 1
20130112000000 1
20130112070000 1
20130112110000 3
20130112220000 1
20130113060000 1
20130113100000 1
20130113150000 1
20130113190000 1
20130114080001 1
20130114090000 1
20130114100000 1
20130114130000 3
20130114140000 2
20130114160000 1
20130114170000 1
20130114200000 1
20130115060001 1
20130115080000 1
20130115090000 1
20130115180001 1
20130115200000 1
20130116080000 1
20130116100000 1
20130116220000 1
20130117020000 3
20130117040000 1
20130117080000 1
20130117100000 1
20130117150000 2
20130117160000 1
20130117180000 2
20130117210000 1
20130118110000 1
20130119130000 1
20130119160000 1
20130119200000 1
20130120120000 1
20130120140000 1
20130120180001 2
20130121000000 1
20130121070000 1
20130121100000 1
20130121150000 1
20130121200000 1
20130122100000 1
20130122150000 2
20130122220000 1
20130123110000 2
20130123170000 1
20130124060000 1
20130124120001 1
20130124150000 1
20130124180000 2
20130125140000 1
20130125190000 2
20130126040000 1
20130126100000 1
20130126170001 1
20130126210000 1
20130127160001 1
20130127180000 3
20130128040000 2
20130128060000 1
20130128100000 1
20130128130000 1
20130128210000 1
20130129030000 1
20130129090000 1
20130129130001 5
20130129150000 1
20130129170000 2
20130129180000 1
20130129200000 1
20130129230000 1
20130130090000 1
20130130100000 2
20130130120000 3
20130130150000 1
20130131010000 1
20130131060000 1
20130131090001 1
20130131200001 1
20130131220000 1
20130131230000 1
20130201080001 1
20130201120000 2
20130201150000 1
20130201200000 2
20130201230000 1
20130202100000 3
20130202140000 1
20130202190000 1
20130202200000 1
20130203110000 1
20130203120000 2
20130203170000 1
20130203180000 1
20130203220000 1
20130204080000 1
20130204100000 2
20130204150000 2
20130204210000 2
20130205000000 1
20130205100000 1
20130205150000 3
20130205160000 1
20130205170000 1
20130205190000 1
20130205220000 1
20130206000000 1
20130206110000 1
20130206190000 2
20130206220000 1
20130207050000 2
20130207100000 1
20130207130000 2
20130207200001 1
20130208010000 1
20130208130000 1
20130208140000 2
20130208210000 1
20130209000000 1
20130209080000 1
20130209100000 1
20130209110000 1
20130209160000 1
20130209170001 1
20130210060000 1
20130210140000 1
20130210180000 2
20130210230000 1
20130211010000 1
20130211100000 1
20130211110000 1
20130211160000 2
20130211230000 1
20130212090000 2
20130212130000 2
20130212140001 1
20130213120000 1
20130213140000 1
20130213180000 1
20130213210000 2
20130214020000 1
20130214170000 1
20130214230000 1
20130215070000 1
20130215110000 1
20130215160000 2
20130215170000 1
20130215190001 1
20130215220000 1
20130216230000 1
20130217000000 1
20130217010000 1
20130217140000 1
20130217150000 2
20130217160001 1
20130217170000 12
20130218080000 4
20130218110000 1
20130218170000 1
20130218180000 6
20130218210000 1
20130219070000 2
20130219130001 1
20130219180000 1
20130219230000 2
20130220200000 1
20130221160000 1
20130221170000 1
20130221180000 1
20130221220000 1
20130222170000 1
20130223090000 1
20130223100000 1
20130223140000 1
20130223150000 2
20130223160000 1
20130224120000 1
20130224140000 1
20130224200000 1
20130224210000 1
20130225000000 1
20130225070000 1
20130225190000 1
20130225220000 2
20130226050000 1
20130226090000 1
20130226110000 1
20130226140001 1
20130227160000 1
20130228020000 1
20130228110000 1
20130228170000 1
20130301140000 2
20130302090000 1
20130302210000 1
20130303150000 1
20130303180000 1
20130304130000 1
20130304140000 6
20130304150000 1
20130305120000 2
20130305160000 1
20130305170000 5
20130306080000 1
20130306100000 1
20130306150000 1
20130306170000 1
20130306200000 1
20130306210000 1
20130307100000 1
20130307130000 2
20130307200000 1
20130307220000 3
20130307230001 1
20130308020000 1
20130308030000 1
20130308050000 1
20130308110001 1
20130308160000 1
20130309110000 1
20130309180000 1
20130309190000 1
20130310100000 3
20130311040000 1
20130312060000 1
20130313100000 2
20130313140000 1
20130314000000 1
20130314080000 1
20130314140000 1
20130314160000 2
20130314170000 2
20130314190000 2
20130315110000 1
20130315160000 2
20130316050000 1
20130316110000 1
20130316230000 1
20130317170000 1
20130317190000 1
20130318000000 6
20130318040000 1
20130318120000 1
20130318130000 3
20130318140000 1
20130318150000 3
20130318170000 1
20130319130000 1
20130319190000 4
20130319200000 1
20130319210000 1
20130320110000 1
20130320130000 1
20130320140000 1
20130320150000 1
20130320170000 1
20130321060000 1
20130321150000 1
20130321210001 2
20130322020000 1
20130322130000 1
20130323060000 1
20130323150000 1
20130323160000 1
20130323180000 1
20130323210000 1
20130323230000 1
20130324000000 1
20130324010000 1
20130324030000 1
20130324070000 1
20130324100000 1
20130325050000 1
20130325160000 1
20130325170000 1
20130325220000 1
20130326170000 1
20130326190000 1
20130327130000 1
20130327150000 1
20130328060000 1
20130328120000 1
20130328170000 2
20130328180000 1
20130329220000 1
20130330150000 1
20130330160000 1
20130331040000 1
20130401040000 1
20130401100000 1
20130401200000 1
20130402100000 1
20130402110000 1
20130402150000 1
20130402190000 1
20130402190001 1
20130402200000 3
20130403100000 1
20130403150000 1
20130404060000 1
20130404100000 1
20130404120000 1
20130404150000 1
20130405000000 1
20130405050000 1
20130405090000 1
20130405140000 1
20130405170000 1
20130405180000 1
20130405220000 1
20130406210000 1
20130407020000 1
20130407050000 1
20130407060000 1
20130407180000 1
20130408100000 1
20130408120000 3
20130408160000 1
20130408170000 1
20130408190000 1
20130409130000 1
20130409140000 1
20130410070000 2
20130410150000 1
20130410160000 1
20130411120000 1
20130411130000 2
20130411140000 2
20130411150000 1
20130411160000 2
20130412040000 3
20130412050000 17
20130412090000 1
20130412160000 2
20130412200000 1
20130412220000 2
20130412230000 2
20130413140000 1
20130413150000 1
20130413190000 1
20130414140000 1
20130414170000 3
20130414230000 1
20130415040000 1
20130415090000 1
20130415100000 1
20130415200000 1
20130416100000 1
20130416150000 1
20130416190000 1
20130416200000 1
20130416210000 1
20130417190000 3
20130418000000 1
20130418040000 1
20130418050000 1
20130418090000 1
20130418110000 1
20130418140000 1
20130418150000 1
20130418180000 1
20130418190000 1
20130418220000 1
20130419130000 1
20130420150000 2
20130420180000 2
20130421140000 1
20130422010000 1
20130422040000 2
20130422050000 1
20130422080000 1
20130422110001 2
20130422130000 1
20130422210000 1
20130423010000 3
20130423020000 3
20130423080000 1
20130424000000 1
20130424010000 1
20130424100000 1
20130424120000 1
20130424130000 1
20130424160000 1
20130424190000 2
20130424200000 1
20130425130000 1
20130425180000 1
20130426110000 1
20130426130000 1
20130426140000 2
20130426170000 1
20130426190000 2
20130427030000 1
20130427170000 1
20130428030000 1
20130428090000 1
20130428150000 1
20130428160000 1
20130428200000 1
20130429070000 1
20130429150000 1
20130430000000 1
20130430140000 2
20130430150000 1
20131001000005 1
20131001090000 1
20131001110000 1
20131001130000 1
20131001150014 1
20131001160000 1
20131002010002 1
20131002020001 1
20131002050000 1
20131002080012 1
20131002090009 1
20131002220001 1
20131003110000 1
20131003130000 1
20131003160010 1
20131003200008 1
20131004010000 1
20131004100001 2
20131004150000 1
20131005040000 1
20131005110006 1
20131005180000 1
20131006100000 1
20131006130006 1
20131006160000 1
20131006220000 1
20131007000000 1
20131007100008 1
20131007120001 1
20131007130014 1
20131007170000 1
20131007180002 1
20131007210013 1
20131007220000 1
20131008090012 1
20131008130000 1
20131008200000 1
20131009030001 1
20131009080001 1
20131009120001 2
20131009150000 2
20131009160001 2
20131009230012 1
20131010080013 1
20131010110000 1
20131010140014 1
20131011070001 2
20131011090000 1
20131011130001 1
20131011230002 1
20131012020000 2
20131012080000 1
20131013060001 1
20131013140000 1
20131013150001 1
20131013200001 1
20131014020011 1
20131014230001 1
20131015010001 2
20131015070008 1
20131015090006 1
20131015170004 1
20131016060000 2
20131016090001 2
20131016110000 1
20131017000000 1
20131017090000 1
20131017130002 2
20131017140003 1
20131017150000 1
20131018050011 2
20131018060001 1
20131018080003 2
20131018090000 1
20131018100000 1
20131018130001 2
20131019070000 1
20131019160002 2
20131019230000 1
20131020130004 1
20131021100014 1
20131022060001 2
20131022110000 1
20131022130000 1
20131022140016 1
20131022150001 1
20131022170000 1
20131022220002 1
20131022230001 1
20131023150016 1
20131023160002 1
20131024110001 3
20131024140013 1
20131024180001 1
20131024210001 1
20131024220000 1
20131025060001 1
20131025150000 1
20131026070001 1
20131026080000 1
20131026170001 3
20131026180000 2
20131027130001 1
20131028070000 1
20131028090000 1
20131028110001 2
20131028150000 1
20131029000004 2
20131029010000 1
20131029110000 1
20131029190000 1
20131030040001 1
20131030080005 2
20131030090000 1
20131030110001 1
20131030120000 1
20131030220000 1
20131030230001 2
20131031050000 1
20131031080001 1
20131031100000 1
20131031120001 1
20131031170001 1
20131031200000 1
20131031220000 1
20131101050000 1
20131101090009 1
20131101100001 1
20131101110000 1
20131101150000 1
20131101190000 1
20131102010000 1
20131102210000 1
20131103170001 2
20131103190000 1
20131103200000 2
20131103210005 1
20131104010000 2
20131104030002 2
20131104080001 2
20131104140000 1
20131104170002 2
20131105110009 1
20131105120000 1
20131105160000 2
20131105180007 1
20131105200000 1
20131106020001 1
20131106030000 1
20131106050000 1
20131106140001 1
20131106160011 1
20131106170002 2
20131106180000 1
20131107020001 1
20131107100001 1
20131107150000 1
20131107160000 1
20131107170005 1
20131107180003 1
20131107210016 1
20131108030006 7
20131108040000 4
20131108100001 1
20131108110000 1
20131108140000 1
20131108170001 3
20131108200000 1
20131108220004 1
20131108230000 1
20131109030000 4
20131109040000 1
20131109110000 1
20131109130001 1
20131109140001 1
20131109230005 1
20131110100000 2
20131111000000 1
20131111060000 1
20131111110000 1
20131111160001 3
20131111190001 1
20131111200000 1
20131111210014 1
20131112080012 1
20131112110001 1
20131112130001 1
20131112160001 2
20131112220013 1
20131113010000 1
20131113090000 1
20131113140001 1
20131113150015 1
20131113160005 1
20131113170000 4
20131113210001 2
20131113220014 1
20131113230001 1
20131114100000 1
20131114160007 1
20131115000000 1
20131115030000 2
20131115110000 2
20131115120000 1
20131115170001 1
20131115190000 1
20131115200001 2
20131116020000 1
20131116170003 1
20131116180000 1
20131117060001 1
20131117100001 2
20131117130004 1
20131118060000 1
20131118130002 1
20131118140001 1
20131118170000 1
20131118220001 1
20131119100001 1
20131119110008 1
20131119120000 2
20131119130000 3
20131119150003 1
20131119160000 1
20131119170001 1
20131119180001 1
20131119220001 1
20131120000008 2
20131120060009 1
20131120170000 1
20131120200000 1
20131121000001 1
20131121040001 1
20131121130002 1
20131121160002 3
20131121170003 2
20131121190003 1
20131121200000 1
20131121210000 4
20131122040009 1
20131122100009 2
20131122110003 1
20131122120012 1
20131122200003 1
20131123000000 2
20131123070000 1
20131123080000 1
20131123120000 3
20131123150001 1
20131123170014 1
20131124010001 1
20131124030009 1
20131124070000 1
20131124120014 2
20131124200003 1
20131124210004 1
20131125040000 1
20131125070012 1
20131125110000 1
20131125120000 1
20131125130001 1
20131125170000 4
20131125190000 1
20131125230013 1
20131126120003 2
20131126130000 1
20131126160001 1
20131126190008 1
20131126230012 1
20131127030000 1
20131127050000 1
20131127070000 1
20131127110000 1
20131127140000 2
20131127150000 1
20131127160001 2
20131127180002 1
20131127220000 1
20131128000000 1
20131128110000 1
20131128130012 1
20131128170002 2
20131129050009 1
20131129060012 1
20131129080000 1
20131129090000 1
20131129130000 1
20131129150000 1
20131129200000 1
20131129210000 1
20131130020007 1
20131130110007 1
20131130150002 1
20131201110000 1
20131201160002 1
20131201220001 1
20131201230000 1
20131202020000 1
20131202090002 2
20131202180000 1
20131203100000 1
20131203130000 1
20131203140006 1
20131203180001 1
20131203210005 1
20131203220000 1
20131204010000 1
20131204190001 1
20131204200000 1
20131205070007 1
20131205080000 1
20131205100000 1
20131205150001 1
20131205160000 2
20131205190000 1
20131205230000 1
20131206010011 3
20131206100000 1
20131206140000 2
20131206150006 1
20131206160000 1
20131206170014 2
20131206220001 1
20131206230000 1
20131207100000 1
20131207130014 1
20131208120000 1
20131208170000 2
20131209120000 1
20131209150001 3
20131209180015 3
20131209200002 1
20131210070000 1
20131210090000 1
20131210100001 1
20131210210001 2
20131211050011 1
20131211120001 1
20131211130014 1
20131211180000 1
20131212100005 1
20131212110002 1
20131212130000 1
20131212160001 1
20131212170000 2
20131212210014 1
20131212220000 1
20131213070000 2
20131213080000 2
20131213100007 4
20131213120000 2
20131213140000 1
20131213150013 1
20131213160000 1
20131213190000 1
20131213220003 1
20131214000001 1
20131214070005 1
20131214100011 1
20131214120001 1
20131214140013 3
20131214150000 2
20131214170000 1
20131214230008 1
20131215100001 1
20131215120000 1
20131215130011 1
20131216030000 1
20131216050000 1
20131216070000 1
20131216080012 1
20131216110000 1
20131216140000 1
20131216150002 1
20131216170001 3
20131216180000 1
20131216200000 1
20131217100000 2
20131217130008 1
20131217150000 1
20131217170008 2
20131217180000 2
20131217200014 1
20131217230013 1
20131218050007 1
20131218120000 1
20131218130000 1
20131218140001 2
20131218210006 1
20131218220000 1
20131219080000 1
20131219090000 1
20131219100013 1
20131219120000 1
20131219160000 1
20131219180001 1
20131219200000 1
20131220140000 1
20131220160000 1
20131220220000 1
20131221110001 3
20131221170001 1
20131221200007 1
20131221210008 1
20131222020000 1
20131222050001 1
20131222060008 3
20131223050000 1
20131223170000 1
20131224000000 1
20131224040000 2
20131224070000 2
20131224080000 1
20131224090011 1
20131224120000 1
20131224170002 1
20131224220001 1
20131225020008 1
20131225040000 1
20131225060000 1
20131225170001 1
20131225190002 1
20131225230000 1
20131226180005 1
20131227010000 1
20131227120009 1
20131227200012 1
20131227210000 1
20131228000000 1
20131228100000 1
20131228120006 2
20131228160000 1
20131229000012 1
20131229020000 2
20131229090000 1
20131229120001 1
20131229130013 1
20131229160000 1
20131229210013 1
20131230130001 1
20131230190014 1
20131230200000 1
20131231090001 2
20131231100013 1
20131231110000 3
20131231120000 1
20131231130012 1
20131231140000 1
20131231160014 1
20131231190000 1
20121001160000 2
20121001190000 1
20121002050000 1
20121003010000 1
20121003100000 1
20121003110000 1
20121003130001 1
20121003140000 1
20121004050000 1
20121004130000 1
20121004180000 1
20121004200000 1
20121004220000 1
20121005000000 1
20121005120000 2
20121005160000 1
20121005230000 1
20121006100000 1
20121006190000 1
20121007080000 1
20121008020000 1
20121008170000 2
20121009220000 1
20121010040000 1
20121011070000 1
20121011140000 1
20121012050000 1
20121012190000 1
20121012200001 1
20121013020000 1
20121013030000 1
20121013120000 1
20121013140000 1
20121013180000 1
20121014150000 1
20121015120000 1
20121015180000 1
20121016030000 1
20121016080000 2
20121016130000 2
20121016140000 1
20121017000000 1
20121017150000 1
20121017170000 1
20121019050000 1
20121020180001 1
20121021040000 1
20121021110000 1
20121021140000 2
20121021220001 1
20121022170000 1
20121022220000 1
20121023020000 1
20121023110000 1
20121023180000 1
20121024100000 2
20121024120000 1
20121024140000 1
20121024190000 1
20121025030000 1
20121025040000 1
20121025110000 1
20121025120000 1
20121025130000 1
20121025140000 1
20121026030000 1
20121026050000 1
20121027110000 1
20121027140000 1
20121027170000 1
20121028010000 1
20121028070000 1
20121028090000 1
20121028140000 1
20121029080000 1
20121029140000 3
20121029150001 1
20121030020000 1
20121030180000 1
20121031160000 1
20121101150000 1
20121101160000 1
20121101190000 2
20121102160000 1
20121102220000 1
20121103020000 1
20121103150000 1
20121104000000 1
20121104120000 1
20121104210000 2
20121104230000 1
20121105080000 1
20121105130000 1
20121105160000 1
20121105190001 1
20121105220000 1
20121106090000 1
20121106110000 1
20121106160000 1
20121106200000 1
20121106230000 1
20121108080000 1
20121108180000 7
20121108200000 1
20121108230001 1
20121109000000 1
20121109110000 2
20121110100000 1
20121110110000 2
20121110180000 1
20121110220000 1
20121111090000 1
20121111180000 1
20121111200000 1
20121111210000 2
20121112060000 1
20121112160000 1
20121113090000 1
20121113130000 2
20121113170000 1
20121113180000 1
20121113220000 1
20121114090000 4
20121114110000 1
20121114120000 1
20121116000000 2
20121116060000 1
20121116100001 1
20121116150000 1
20121116170000 1
20121117010000 3
20121117130001 1
20121117160000 2
20121117170000 3
20121118220000 1
20121119080000 1
20121119110000 1
20121119150001 2
20121119180000 1
20121120090000 1
20121120120000 3
20121121080000 1
20121121120000 1
20121121150000 1
20121121160000 3
20121121170001 2
20121121180000 1
20121122020000 1
20121122110000 1
20121122150000 1
20121122160000 1
20121122170000 1
20121123020000 1
20121123030000 1
20121123100000 1
20121123170000 3
20121125180000 1
20121126000000 1
20121126100000 1
20121126140000 2
20121126150000 1
20121127090000 2
20121127100000 3
20121127110001 3
20121127130000 1
20121128120001 2
20121128140000 1
20121128150000 1
20121129010000 1
20121129060000 1
20121129120000 5
20121129140000 1
20121129150000 1
20121130060000 1
20121130080000 1
20121130100000 1
20121130170000 3
20121201120000 2
20121201170000 1
20121201220000 1
20121202080000 1
20121203060001 1
20121204020000 1
20121204050000 1
20121204090000 2
20121204140000 1
20121204150000 1
20121204160000 1
20121204170000 2
20121204180000 1
20121205080001 1
20121205120000 2
20121205150000 1
20121206040000 1
20121206130000 1
20121206140000 1
20121206150000 1
20121206170000 1
20121207080000 3
20121207090000 1
20121207110000 1
20121207120001 1
20121207150000 1
20121207170000 1
20121208150000 1
20121209100000 1
20121209190000 1
20121210020000 2
20121210040000 1
20121210080000 1
20121210140000 1
20121210160000 2
20121210170001 1
20121211100000 1
20121211140000 1
20121212190000 1
20121212220000 1
20121213090000 1
20121213110000 1
20121213120000 1
20121213150000 2
20121213160000 1
20121214020000 1
20121214070000 1
20121214090001 1
20121215160000 10
20121216010000 1
20121216210000 1
20121217030000 1
20121217100000 1
20121218000000 1
20121218080000 1
20121218100000 1
20121218110000 1
20121218120000 1
20121219020001 1
20121219120000 1
20121219160000 1
20121219210000 1
20121220010000 1
20121220070000 1
20121220080000 1
20121220140000 1
20121220210000 1
20121221040001 1
20121221110000 1
20121222000000 1
20121222030000 1
20121222190000 1
20121222230000 1
20121223070000 1
20121223130000 1
20121223180000 1
20121223190000 1
20121223210000 1
20121224110000 1
20121224170000 1
20121224180001 1
20121224190000 1
20121224210000 1
20121225090000 1
20121225150000 1
20121225190001 1
20121225200000 2
20121225210000 1
20121226050000 1
20121226070001 1
20121226100000 1
20121226110000 1
20121227000000 2
20121227010000 1
20121227050000 2
20121227110000 1
20121227160000 1
20121228000000 1
20121228130000 1
20121229080000 1
20121229150000 1
20121229160000 1
20121229210000 2
20121230150000 1
20121230160000 1
20121230210000 1
20121231050000 1
20120101000000 1
20120101150000 1
20120101220000 2
20120102030000 1
20120102120000 2
20120102150000 1
20120103000000 1
20120103050000 1
20120103080000 1
20120103160000 1
20120103180000 1
20120104060000 1
20120104140000 1
20120105000000 1
20120105130001 1
20120105170000 1
20120105200000 1
20120106010001 1
20120106030000 1
20120106080000 1
20120106180000 1
20120107010000 3
20120107110000 1
20120107190000 1
20120108020000 1
20120108120000 1
20120108190000 1
20120109110000 1
20120109120000 2
20120109160000 1
20120110000000 1
20120110140000 1
20120110200000 1
20120110220000 1
20120110230000 1
20120111130001 1
20120111160000 1
20120111170000 2
20120112100001 1
20120112120000 1
20120113120000 1
20120113160001 1
20120113170000 1
20120113180000 1
20120114070000 1
20120114110000 1
20120114230001 1
20120115010000 1
20120115180000 1
20120116060001 1
20120116100000 1
20120116110000 1
20120116120000 1
20120116180000 2
20120116200000 1
20120117130000 1
20120117140000 2
20120118220000 1
20120119090000 1
20120119150000 1
20120119220000 1
20120120000000 1
20120120070001 1
20120120130000 1
20120121030000 1
20120121050000 1
20120121070000 1
20120121080000 1
20120121220000 1
20120122090000 1
20120123060000 1
20120123090000 1
20120123100000 1
20120123210000 1
20120123220001 1
20120124110000 2
20120124150000 1
20120124160000 1
20120124190001 1
20120124200000 1
20120124220000 1
20120125080001 2
20120125100000 1
20120125140000 2
20120125230000 1
20120126130000 1
20120126140000 1
20120126190001 1
20120127000000 1
20120127050000 1
20120128020000 1
20120128150000 1
20120129160000 1
20120130010000 1
20120130050000 1
20120130060001 1
20120130100000 2
20120130150000 1
20120130180000 1
20120131030000 1
20120131170000 1
20120131180000 1
20120201110000 2
20120201160000 2
20120201230000 1
20120202100000 1
20120202110000 1
20120202160000 1
20120203130000 1
20120204080000 1
20120205100000 2
20120205140000 1
20120205160000 1
20120206000000 1
20120206040000 1
20120206080000 1
20120206100000 1
20120206140000 1
20120207030000 1
20120208010000 1
20120208030000 1
20120208040000 1
20120208140000 1
20120209110000 1
20120209180001 1
20120210010000 1
20120210040000 1
20120210130000 2
20120210160000 1
20120210210001 2
20120211100000 1
20120211180000 1
20120212040000 1
20120212230000 2
20120213080000 1
20120213130000 1
20120213170000 1
20120213200000 1
20120214030000 1
20120214180001 1
20120214220000 1
20120215030000 2
20120215190001 1
20120216110000 1
20120216150000 1
20120216220000 1
20120217140000 1
20120217190000 1
20120217200000 1
20120217230001 1
20120218100000 1
20120218110000 1
20120218130000 1
20120218190000 1
20120219200000 1
20120220000000 1
20120220170001 1
20120220180000 1
20120220210000 1
20120221010000 1
20120221170000 1
20120222120000 1
20120222130000 1
20120222180000 2
20120222200001 1
20120223170000 1
20120223200001 1
20120224080001 1
20120224200000 1
20120225080000 1
20120225150000 1
20120226040000 1
20120226110000 1
20120226130000 1
20120226150000 1
20120226170001 2
20120226200000 1
20120226230000 1
20120227120000 1
20120227220000 1
20120228030000 1
20120228110000 2
20120228120000 2
20120228130000 2
20120228140000 1
20120228190000 1
20120229110001 1
20120301020000 1
20120301090000 1
20120301110000 1
20120301180000 1
20120302000000 1
20120302110000 1
20120302150000 1
20120302170000 1
20120302180000 1
20120303040000 1
20120304110001 1
20120304140000 1
20120304150000 1
20120304200000 1
20120304230000 1
20120305020000 2
20120305220000 1
20120305230000 1
20120306020000 1
20120306190000 1
20120306210000 1
20120307070000 2
20120307120000 1
20120307190000 1
20120307210000 1
20120307220000 1
20120308080000 1
20120308100000 1
20120308150000 1
20120308170001 1
20120309040000 1
20120309070001 1
20120309080000 1
20120309230000 1
20120310010000 1
20120310060000 1
20120310070000 1
20120310180000 1
20120311160000 1
20120311170000 1
20120312050000 1
20120312150000 1
20120312230000 1
20120313050000 1
20120313110000 1
20120313130000 1
20120313160000 2
20120313180000 1
20120313230000 1
20120314000000 1
20120314160000 1
20120314180000 1
20120314200000 1
20120315150000 1
20120315230000 1
20120316070000 1
20120317120000 1
20120318010000 1
20120318020000 1
20120318200000 1
20120318230000 1
20120319140000 1
20120320130000 1
20120320160000 1
20120320190001 1
20120320230000 1
20120321100000 7
20120321120000 1
20120321130000 1
20120321140000 1
20120322210000 1
20120323010000 1
20120323130000 1
20120324160000 1
20120324190001 1
20120325180000 1
20120325190000 3
20120326040000 1
20120326120001 1
20120327070000 1
20120327100000 1
20120327110000 1
20120328010000 1
20120328040000 1
20120328080000 2
20120328120000 1
20120328170000 1
20120329170000 1
20120329180000 2
20120330050000 1
20120330070000 1
20120330160000 1
20120330180000 1
20120331160000 1
20120331190000 1
20120401020001 1
20120401030000 1
20120401090000 1
20120402080000 1
20120402150000 2
20120402220000 1
20120403020000 1
20120403150000 1
20120403180000 1
20120403220000 1
20120403230000 1
20120404070000 2
20120404090000 1
20120404130000 1
20120404230000 2
20120405100000 1
20120406020000 1
20120406170000 1
20120407070000 1
20120407130000 1
20120407170000 1
20120407180000 1
20120407230000 1
20120408050000 1
20120408070000 1
20120408150000 1
20120408210000 1
20120409010000 1
20120409100000 1
20120409180000 1
20120409220000 1
20120410080000 1
20120410120000 1
20120410200000 1
20120411020000 1
20120411100000 1
20120411160000 1
20120411180001 1
20120411220000 1
20120412100000 1
20120412110000 1
20120412140000 1
20120412170000 1
20120412190000 1
20120413140000 1
20120413220000 1
20120414080000 1
20120414170000 1
20120414190000 1
20120415000000 4
20120415010000 15
20120415020000 13
20120415050000 1
20120415110000 1
20120415170000 1
20120415190000 1
20120416090000 1
20120416120000 1
20120416190001 1
20120417020000 1
20120417120000 1
20120417160000 5
20120417180000 1
20120418020000 1
20120418170000 1
20120418180000 2
20120418190000 2
20120419090000 1
20120419110000 1
20120419230000 1
20120420110000 1
20120420130000 1
20120420210000 1
20120421080000 1
20120421200001 1
20120422170000 1
20120422180000 1
20120423160000 3
20120423210000 1
20120424020000 1
20120425070000 1
20120425220000 1
20120426100000 1
20120427150000 1
20120427190000 1
20120427220000 1
20120428070000 1
20120428080000 2
20120428140000 1
20120428190000 1
20120428200000 1
20120429010001 1
20120429030000 2
20120429130000 1
20120429140000 1
20120429160001 2
20120430100000 1
20120430160000 1
20120430230000 1
20111001050000 1
20111001110000 2
20111001130000 1
20111001200000 1
20111003130000 1
20111003210000 2
20111004050000 1
20111004060001 1
20111004080000 1
20111004110000 1
20111005120000 3
20111005150000 1
20111005160000 1
20111005180000 1
20111006000000 1
20111006070000 2
20111006180000 1
20111007060000 2
20111007080000 1
20111007090000 1
20111007160000 1
20111008060000 1
20111008080000 1
20111008110000 1
20111008160000 1
20111009080000 1
20111009130000 1
20111010000000 1
20111010050000 1
20111010150000 1
20111011000000 1
20111011030000 1
20111011050000 1
20111011080000 1
20111012070000 1
20111012100000 1
20111013140000 1
20111013160000 1
20111013190000 1
20111014080000 1
20111014110000 1
20111014120000 1
20111014140000 1
20111014200000 1
20111015060000 1
20111015120000 1
20111015170000 1
20111015220000 1
20111016130000 1
20111016180000 1
20111016200000 1
20111017080000 1
20111017090000 3
20111017200000 1
20111017220001 1
20111018110000 1
20111018140000 1
20111018150000 1
20111018160000 7
20111018200000 1
20111018210000 5
20111018220000 3
20111019100000 1
20111019140000 4
20111019160000 1
20111019190000 1
20111019210000 1
20111020040000 1
20111020080000 1
20111020180000 1
20111020210000 1
20111021080000 1
20111021120000 1
20111021130000 2
20111021150000 1
20111021180000 1
20111021190000 1
20111022040000 1
20111023020000 1
20111023070000 1
20111023150000 1
20111023170000 1
20111023180000 1
20111023210000 1
20111024050000 1
20111025040000 1
20111025080001 1
20111025100000 1
20111025120000 1
20111025180001 1
20111026090000 2
20111026100000 1
20111026110000 1
20111026120000 1
20111026170000 2
20111027070000 1
20111027080000 1
20111027140000 1
20111027180000 4
20111027220000 1
20111028010000 1
20111028110000 1
20111028180000 1
20111028210000 1
20111029000001 3
20111029010000 1
20111029110001 1
20111029200000 2
20111030060000 1
20111030070000 1
20111031010000 1
20111031020000 1
20111031090001 1
20111031170000 1
20111031220000 1
20111101060000 2
20111101090000 1
20111101140000 1
20111102000000 1
20111102080000 1
20111102210000 1
20111102220000 1
20111103120000 1
20111103140001 1
20111103150000 1
20111103170000 1
20111103210000 1
20111104090000 1
20111104120000 1
20111104210000 1
20111105150000 2
20111106060000 1
20111106130000 1
20111106150000 1
20111106160000 1
20111107080000 1
20111107110000 1
20111107140000 1
20111107170000 1
20111107230000 1
20111108010000 1
20111108090000 1
20111108110000 1
20111108120000 1
20111109150000 1
20111109160000 1
20111109200000 1
20111109230000 1
20111110090000 2
20111110120000 1
20111110170001 1
20111111050000 1
20111111110000 1
20111111210000 1
20111112230000 1
20111113030000 1
20111113190000 1
20111113200000 1
20111114080000 1
20111114090000 1
20111114100000 2
20111114130000 1
20111114140000 2
20111114150000 1
20111115110000 1
20111115130000 1
20111115170000 3
20111115180000 1
20111115230000 1
20111116200000 1
20111117070000 1
20111117090000 1
20111117100000 1
20111117140000 2
20111117150000 1
20111117170001 1
20111117210000 1
20111118160000 2
20111118190000 1
20111118230000 1
20111119020000 1
20111119050000 1
20111119080000 1
20111119130000 1
20111119140000 1
20111119150001 1
20111119230000 1
20111120100000 1
20111120160000 1
20111120230000 2
20111121060000 1
20111121150000 1
20111121170000 1
20111122020000 1
20111122070000 1
20111122100001 1
20111122150000 1
20111122210000 1
20111123080001 1
20111123120000 1
20111123130000 1
20111123200000 1
20111124080000 1
20111124100000 1
20111124120000 1
20111124170001 2
20111124180000 1
20111124190000 1
20111125000000 1
20111125010000 1
20111125100000 1
20111125110000 2
20111125180000 2
20111125200000 1
20111126130000 1
20111126180000 1
20111127130000 1
20111127210000 2
20111128090000 1
20111128170000 1
20111129000000 1
20111129050000 1
20111129070000 1
20111129090001 1
20111129120000 1
20111129190000 1
20111130100000 1
20111130110000 1
20111130130000 1
20111130160000 1
20111130170000 3
20111201090000 1
20111201100000 1
20111202010000 1
20111202050000 1
20111202090000 1
20111202200000 1
20111202230000 1
20111203030000 1
20111203110000 1
20111203120000 1
20111203160000 1
20111203200000 1
20111205000000 2
20111205140000 1
20111205210000 1
20111206050000 1
20111206080000 1
20111207040000 1
20111207050000 1
20111207110000 1
20111207120000 1
20111207180000 1
20111208010000 1
20111208020000 1
20111208040000 1
20111208080000 1
20111209050000 1
20111209080000 1
20111209120000 1
20111210030000 1
20111210080000 1
20111210230000 1
20111211170000 1
20111212080000 1
20111212100000 1
20111212150000 1
20111212170000 1
20111212230000 1
20111213020000 1
20111213040000 1
20111213080000 2
20111213120000 1
20111213200000 1
20111214090000 1
20111214120000 1
20111214230000 1
20111215110000 2
20111215190000 1
20111216010000 2
20111216050000 4
20111217090000 1
20111218170000 1
20111218180000 1
20111219130000 4
20111219190000 2
20111219220000 1
20111220130000 2
20111220140000 1
20111220190000 1
20111220200000 1
20111220230000 1
20111221060000 1
20111221150000 1
20111222220000 1
20111226230000 1
20111227060000 1
20111227110000 1
20111228020000 1
20111228100001 1
20111228140000 1
20111228160000 2
20111228210001 1
20111229000000 1
20111230010000 1
20111230110000 1
20111231090000 1
20111231180001 1
