20150110140000 1
20150111100000 1
20150114120000 1
20150205060000 1
20150206180000 1
20150207140000 1
20150208110000 1
20150208220000 1
20150209020000 1
20150209070000 1
20150209200000 1
20150210030000 1
20150211120000 1
20150303090000 1
20150306150000 1
20150307190000 1
20150310050000 1
20150317210000 1
20150402110000 1
20150430110000 1
20160102100000 1
20160102110000 2
20160102130000 1
20160102160000 2
20160102230000 1
20160103160000 1
20160103190000 2
20160103200000 1
20160103210000 1
20160104010000 1
20160104110000 2
20160104120000 2
20160104140000 2
20160104150000 1
20160104160000 4
20160104170000 4
20160104190000 1
20160104200000 2
20160104210000 1
20160105090000 3
20160105110000 3
20160105120000 2
20160105130000 1
20160105150000 4
20160105160000 4
20160105190000 1
20160106000000 1
20160106160000 2
20160106180000 1
20160106200000 1
20160106230000 2
20160107090000 1
20160107120000 1
20160107140000 1
20160107170000 2
20160107190000 1
20160107210000 1
20160107220000 1
20160108090000 1
20160108100000 1
20160108110000 2
20160108120000 1
20160108150000 3
20160108160000 2
20160108170000 1
20160108180000 2
20160108190000 1
20160108220000 1
20160109110000 1
20160109170000 2
20160109180000 1
20160109210000 1
20160109230000 2
20160110100000 1
20160110130000 1
20160110140000 2
20160110150000 1
20160110180000 1
20160110190000 1
20160110210000 1
20160110230000 1
20160111000000 1
20160111090000 2
20160111100000 2
20160111110000 2
20160111120000 3
20160111140000 4
20160111150000 2
20160111170000 2
20160111180000 4
20160111190000 4
20160111200000 2
20160111210000 2
20160111230000 3
20160112000000 1
20160112090000 6
20160112100000 5
20160112110000 4
20160112120000 1
20160112140000 3
20160112150000 1
20160112170000 3
20160112180000 5
20160112190000 1
20160112200000 2
20160112230000 3
20160113000000 2
20160113010000 1
20160113020000 1
20160113090000 1
20160113100000 1
20160113110000 2
20160113120000 6
20160113130000 2
20160113140000 2
20160113150000 1
20160113160000 1
20160113170000 1
20160113190000 4
20160113210000 2
20160113220000 3
20160114000000 1
20160114110000 2
20160114120000 2
20160114130000 3
20160114140000 4
20160114150000 5
20160114160000 1
20160114170000 3
20160114180000 1
20160114190000 1
20160115000000 1
20160115100000 1
20160115110000 2
20160115140000 1
20160115160000 3
20160115170000 1
20160115180000 3
20160115190000 1
20160116000000 1
20160116110000 1
20160116120000 2
20160116140000 2
20160116150000 4
20160116160000 3
20160116180000 2
20160116190000 1
20160116210000 1
20160117100000 1
20160117110000 1
20160117130000 1
20160117160000 1
20160117170000 1
20160117210000 1
20160118080000 1
20160118090000 1
20160118100000 3
20160118120000 1
20160118130000 1
20160118140000 1
20160118150000 1
20160118160000 4
20160118180000 1
20160118190000 1
20160119010000 1
20160119090000 1
20160119100000 2
20160119110000 1
20160119120000 1
20160119130000 2
20160119150000 2
20160119160000 1
20160119180000 2
20160119200000 2
20160119210000 2
20160119220000 4
20160120000000 2
20160120080000 1
20160120090000 1
20160120100000 1
20160120110000 3
20160120120000 3
20160120130000 2
20160120140000 1
20160120150000 1
20160120160000 2
20160120170000 1
20160120180000 1
20160120210000 1
20160120230000 1
20160121000000 1
20160121090000 2
20160121100000 2
20160121110000 1
20160121120000 1
20160121130000 1
20160121140000 4
20160121150000 1
20160121170000 1
20160121180000 2
20160121220000 2
20160121230000 1
20160122090000 1
20160122100000 2
20160122120000 2
20160122130000 1
20160122140000 2
20160122150000 3
20160122160000 1
20160122170000 2
20160122180000 1
20160122190000 2
20160122200000 4
20160122210000 1
20160122220000 2
20160122230000 2
20160123100000 1
20160123110000 1
20160123130000 4
20160123140000 1
20160123170000 1
20160123180000 1
20160123210000 2
20160123220000 1
20160124160000 2
20160124170000 2
20160124200000 2
20160125100000 3
20160125150000 2
20160125170000 2
20160125220000 1
20160126090000 3
20160126100000 2
20160126110000 6
20160126120000 3
20160126130000 1
20160126150000 2
20160126160000 1
20160126170000 1
20160126190000 1
20160126200000 1
20160126210000 3
20160127010000 2
20160127090000 2
20160127100000 1
20160127120000 2
20160127130000 2
20160127140000 2
20160127150000 2
20160127160000 1
20160127170000 5
20160127180000 2
20160127190000 2
20160127210000 1
20160127220000 2
20160127230000 2
20160128090000 1
20160128110000 1
20160128150000 3
20160128160000 3
20160128170000 2
20160128190000 2
20160128200000 1
20160128210000 1
20160129110000 3
20160129120000 1
20160129180000 1
20160129190000 1
20160129200000 1
20160129210000 1
20160130100000 2
20160130120000 1
20160130130000 3
20160130140000 1
20160130160000 2
20160130170000 1
20160130180000 1
20160130210000 1
20160131100000 1
20160131120000 4
20160131130000 1
20160131160000 2
20160131170000 1
20160131210000 1
20160131220000 1
20160201000000 1
20160201090000 3
20160201100000 2
20160201110000 1
20160201120000 1
20160201140000 3
20160201150000 3
20160201160000 2
20160201180000 3
20160201220000 1
20160201230000 3
20160202000000 2
20160202090000 1
20160202110000 3
20160202120000 2
20160202140000 2
20160202150000 2
20160202160000 1
20160202170000 6
20160202180000 1
20160202190000 3
20160202200000 2
20160202210000 1
20160203110000 3
20160203120000 3
20160203130000 1
20160203140000 1
20160203150000 5
20160203160000 1
20160203170000 3
20160203180000 3
20160203200000 5
20160203210000 1
20160203230000 1
20160204080000 1
20160204090000 3
20160204100000 2
20160204110000 1
20160204120000 1
20160204140000 3
20160204150000 3
20160204170000 1
20160204180000 2
20160204200000 2
20160204210000 2
20160204230000 1
20160205090000 2
20160205100000 3
20160205120000 1
20160205130000 1
20160205140000 1
20160205150000 1
20160205160000 1
20160205170000 1
20160205180000 1
20160205190000 1
20160206110000 2
20160206120000 2
20160206130000 1
20160206160000 1
20160206180000 1
20160206200000 1
20160207120000 3
20160207140000 1
20160207170000 4
20160207180000 1
20160207190000 2
20160207210000 1
20160208090000 1
20160208100000 1
20160208110000 2
20160208160000 2
20160208170000 5
20160208180000 1
20160208200000 3
20160208210000 2
20160208230000 1
20160209090000 3
20160209100000 2
20160209110000 1
20160209120000 1
20160209130000 4
20160209140000 1
20160209150000 1
20160209160000 1
20160209170000 1
20160209190000 1
20160209200000 1
20160209210000 1
20160210010000 1
20160210090000 1
20160210100000 3
20160210120000 1
20160210130000 1
20160210140000 2
20160210150000 2
20160210160000 2
20160210170000 1
20160210190000 2
20160210200000 2
20160211090000 1
20160211100000 2
20160211110000 4
20160211120000 2
20160211130000 2
20160211140000 4
20160211150000 9
20160211160000 2
20160211170000 10
20160211190000 3
20160212080000 3
20160212090000 1
20160212110000 2
20160212120000 3
20160212140000 1
20160212150000 1
20160212160000 3
20160212180000 1
20160212190000 3
20160212230000 1
20160213000000 1
20160213100000 1
20160213110000 1
20160213140000 1
20160213170000 1
20160213180000 1
20160213190000 2
20160213200000 1
20160214000000 1
20160214090000 2
20160214100000 1
20160214110000 1
20160214130000 1
20160214140000 1
20160214160000 1
20160214170000 1
20160215110000 3
20160215120000 2
20160215130000 4
20160215140000 2
20160215150000 3
20160215160000 4
20160215170000 5
20160215180000 3
20160215220000 3
20160216000000 1
20160216080000 1
20160216100000 2
20160216110000 2
20160216120000 1
20160216130000 2
20160216140000 1
20160216150000 2
20160216160000 3
20160216170000 2
20160216190000 1
20160216210000 1
20160216230000 1
20160217110000 1
20160217120000 2
20160217130000 4
20160217140000 2
20160217150000 1
20160217160000 1
20160217170000 2
20160217180000 1
20160217190000 1
20160217220000 1
20160218120000 2
20160218130000 2
20160218160000 3
20160218190000 1
20160219120000 2
20160219130000 2
20160219140000 3
20160219150000 2
20160219160000 1
20160219170000 1
20160219190000 1
20160219200000 1
20160219210000 1
20160219230000 1
20160220010000 1
20160220090000 2
20160220100000 1
20160220110000 1
20160220150000 1
20160220190000 1
20160220200000 1
20160220210000 1
20160220220000 1
20160221140000 1
20160221170000 1
20160221210000 1
20160221230000 3
20160222090000 3
20160222110000 2
20160222120000 1
20160222130000 1
20160222140000 2
20160222160000 2
20160222170000 2
20160222180000 1
20160222190000 1
20160222200000 2
20160222210000 2
20160223100000 3
20160223110000 4
20160223120000 4
20160223140000 1
20160223150000 3
20160223160000 3
20160223170000 1
20160223180000 3
20160223190000 1
20160223200000 2
20160223230000 1
20160224080000 2
20160224110000 1
20160224120000 1
20160224130000 1
20160224150000 2
20160224160000 1
20160224180000 1
20160224190000 2
20160224210000 1
20160225090000 2
20160225100000 2
20160225120000 2
20160225150000 1
20160225170000 6
20160225180000 2
20160225190000 1
20160225210000 1
20160225230000 1
20160226110000 3
20160226120000 1
20160226140000 2
20160226160000 4
20160226170000 2
20160226180000 1
20160226190000 1
20160227100000 2
20160227130000 1
20160227150000 1
20160227160000 2
20160227170000 1
20160227200000 2
20160227210000 1
20160227230000 1
20160228010000 1
20160228160000 1
20160228190000 2
20160228200000 1
20160228210000 4
20160229000000 2
20160229100000 2
20160229110000 2
20160229130000 4
20160229140000 1
20160229150000 3
20160229170000 1
20160229180000 1
20160229190000 1
20160229210000 2
20160229220000 2
20160301090000 1
20160301110000 3
20160301120000 2
20160301130000 3
20160301150000 3
20160301160000 5
20160301170000 1
20160301180000 1
20160302080000 1
20160302090000 1
20160302100000 2
20160302110000 2
20160302120000 5
20160302130000 1
20160302140000 3
20160302150000 2
20160302160000 1
20160302180000 1
20160302190000 1
20160302210000 2
20160303000000 1
20160303080000 1
20160303090000 3
20160303100000 2
20160303110000 1
20160303120000 1
20160303130000 1
20160303140000 4
20160303150000 6
20160303180000 1
20160303210000 1
20160303220000 1
20160303230000 2
20160304100000 1
20160304110000 3
20160304120000 1
20160304130000 1
20160304170000 2
20160304180000 1
20160304190000 1
20160304210000 1
20160305100000 1
20160305110000 3
20160305150000 2
20160305160000 3
20160305170000 1
20160305190000 1
20160305210000 2
20160305220000 1
20160306090000 1
20160306100000 4
20160306150000 2
20160306160000 4
20160306170000 2
20160306180000 2
20160306200000 1
20160306220000 4
20160307080000 1
20160307090000 1
20160307110000 1
20160307130000 2
20160307140000 1
20160307150000 3
20160307160000 3
20160307170000 5
20160307180000 2
20160307200000 1
20160307210000 1
20160307220000 1
20160307230000 1
20160308090000 1
20160308110000 3
20160308120000 4
20160308130000 1
20160308140000 2
20160308160000 4
20160308170000 1
20160308180000 4
20160308190000 3
20160308210000 1
20160308230000 2
20160309080000 1
20160309100000 2
20160309120000 1
20160309130000 1
20160309150000 1
20160309160000 2
20160309170000 3
20160309180000 5
20160309200000 1
20160310010000 1
20160310090000 1
20160310100000 3
20160310120000 1
20160310130000 1
20160310140000 2
20160310150000 1
20160310170000 2
20160310180000 5
20160310190000 2
20160310200000 1
20160310210000 2
20160310220000 1
20160310230000 1
20160311090000 1
20160311130000 2
20160311140000 2
20160311150000 1
20160311180000 1
20160311190000 4
20160311200000 2
20160312160000 1
20160312170000 1
20160312180000 1
20160312220000 1
20160313100000 2
20160313120000 2
20160313130000 2
20160313150000 2
20160313160000 4
20160313170000 2
20160313210000 3
20160314010000 1
20160314020000 1
20160314080000 1
20160314090000 3
20160314100000 1
20160314110000 4
20160314120000 5
20160314140000 1
20160314150000 2
20160314170000 1
20160314190000 1
20160314220000 1
20160314230000 1
20160315090000 3
20160315100000 1
20160315110000 1
20160315120000 3
20160315130000 1
20160315150000 1
20160315160000 2
20160315170000 2
20160316080000 2
20160316090000 1
20160316100000 3
20160316110000 2
20160316120000 1
20160316130000 1
20160316150000 5
20160316160000 2
20160316180000 2
20160316200000 1
20160316230000 1
20160317000000 1
20160317090000 9
20160317100000 2
20160317110000 1
20160317120000 2
20160317130000 1
20160317140000 2
20160317150000 3
20160317160000 2
20160317170000 2
20160317180000 1
20160317200000 1
20160318100000 1
20160318110000 4
20160318120000 1
20160318130000 1
20160318150000 1
20160318160000 3
20160318170000 1
20160318180000 1
20160318190000 3
20160319180000 1
20160319210000 1
20160320110000 1
20160320120000 1
20160320140000 1
20160320170000 2
20160320180000 1
20160321090000 1
20160321100000 4
20160321120000 2
20160321130000 3
20160321140000 4
20160321150000 1
20160321160000 2
20160321170000 2
20160321180000 1
20160321190000 1
20160321200000 1
20160321210000 2
20160321220000 1
20160322090000 1
20160322110000 1
20160322120000 10
20160322130000 2
20160322150000 4
20160322160000 1
20160322170000 2
20160322180000 3
20160322190000 1
20160322200000 1
20160322230000 1
20160323090000 1
20160323110000 2
20160323130000 1
20160323140000 4
20160323160000 1
20160323170000 1
20160323230000 1
20160324090000 2
20160324100000 1
20160324110000 6
20160324120000 1
20160324140000 2
20160324150000 2
20160324160000 9
20160324170000 5
20160324180000 2
20160325090000 2
20160325100000 1
20160325110000 1
20160325140000 3
20160325150000 1
20160325160000 2
20160325180000 2
20160325190000 2
20160325210000 1
20160326110000 6
20160326120000 4
20160326130000 3
20160326140000 2
20160326150000 2
20160326160000 3
20160326170000 4
20160326180000 1
20160326190000 1
20160326200000 1
20160326220000 1
20160326230000 2
20160327000000 1
20160327010000 1
20160327090000 1
20160327100000 3
20160327120000 1
20160327160000 1
20160327170000 4
20160327190000 1
20160328020000 1
20160328080000 2
20160328100000 1
20160328110000 1
20160328120000 2
20160328130000 1
20160328140000 2
20160328150000 3
20160328170000 2
20160328190000 3
20160329010000 1
20160329020000 1
20160329070000 1
20160329080000 2
20160329090000 3
20160329100000 1
20160329110000 1
20160329130000 4
20160329140000 3
20160329150000 2
20160329160000 7
20160329170000 2
20160329180000 1
20160330080000 4
20160330090000 5
20160330100000 2
20160330110000 3
20160330130000 1
20160330140000 1
20160330150000 4
20160330160000 2
20160330180000 4
20160330210000 1
20160330220000 1
20160331090000 2
20160331100000 2
20160331130000 3
20160331140000 1
20160331150000 2
20160331160000 1
20160331170000 2
20160331200000 1
20160401080000 1
20160401100000 2
20160401110000 3
20160401120000 1
20160401130000 1
20160401140000 2
20160401150000 2
20160401160000 7
20160401170000 1
20160401210000 1
20160402100000 1
20160402120000 1
20160402170000 1
20160402210000 1
20160402220000 1
20160403110000 1
20160403130000 1
20160403140000 1
20160403160000 1
20160403180000 1
20160403190000 1
20160403200000 1
20160403210000 1
20160403220000 2
20160403230000 1
20160404090000 2
20160404100000 3
20160404110000 3
20160404130000 1
20160404140000 5
20160404150000 2
20160404160000 1
20160404180000 1
20160404200000 1
20160404210000 3
20160405070000 1
20160405090000 5
20160405110000 1
20160405120000 2
20160405130000 3
20160405150000 1
20160405160000 2
20160405180000 1
20160405190000 1
20160405210000 1
20160405220000 1
20160405230000 1
20160406000000 1
20160406070000 3
20160406080000 1
20160406090000 1
20160406100000 4
20160406110000 5
20160406120000 2
20160406130000 3
20160406140000 4
20160406150000 1
20160406160000 2
20160406170000 4
20160406180000 1
20160406220000 2
20160407000000 1
20160407090000 1
20160407100000 1
20160407110000 3
20160407120000 1
20160407130000 1
20160407140000 2
20160407150000 1
20160407160000 1
20160407170000 1
20160407210000 1
20160407220000 1
20160408080000 2
20160408090000 1
20160408100000 4
20160408120000 2
20160408130000 1
20160408140000 3
20160408150000 3
20160408160000 1
20160408180000 2
20160408190000 1
20160408200000 1
20160408210000 2
20160409090000 1
20160409100000 3
20160409140000 2
20160409170000 1
20160409180000 1
20160409220000 1
20160410090000 1
20160410140000 1
20160410150000 1
20160410160000 2
20160410170000 2
20160410190000 1
20160410200000 1
20160411080000 1
20160411090000 2
20160411100000 1
20160411110000 4
20160411130000 2
20160411140000 2
20160411150000 1
20160411160000 1
20160411170000 1
20160411180000 1
20160411190000 1
20160412080000 2
20160412090000 3
20160412100000 1
20160412110000 2
20160412130000 2
20160412140000 1
20160412150000 4
20160412160000 2
20160412170000 9
20160412200000 1
20160412210000 2
20160412220000 1
20160413080000 1
20160413090000 3
20160413100000 1
20160413110000 5
20160413130000 1
20160413140000 3
20160413150000 7
20160413160000 1
20160413170000 2
20160413200000 1
20160413210000 1
20160414070000 2
20160414090000 3
20160414100000 5
20160414110000 7
20160414120000 3
20160414130000 1
20160414170000 2
20160414180000 3
20160414200000 2
20160415000000 1
20160415080000 2
20160415100000 2
20160415110000 4
20160415140000 3
20160415160000 5
20160415170000 2
20160415180000 1
20160415220000 1
20160416110000 1
20160416150000 1
20160416160000 2
20160416180000 1
20160416190000 1
20160416200000 1
20160417000000 1
20160417100000 3
20160417110000 3
20160417160000 1
20160417190000 1
20160418080000 1
20160418090000 3
20160418100000 1
20160418120000 2
20160418130000 2
20160418140000 3
20160418150000 2
20160418160000 1
20160418170000 1
20160418180000 2
20160418190000 2
20160418210000 1
20160419080000 1
20160419100000 1
20160419110000 1
20160419120000 4
20160419140000 1
20160419150000 1
20160419160000 2
20160419200000 1
20160419210000 3
20160420000000 2
20160420070000 1
20160420090000 1
20160420100000 3
20160420110000 1
20160420120000 1
20160420130000 2
20160420150000 2
20160420160000 1
20160420170000 1
20160420180000 1
20160420210000 1
20160421070000 1
20160421100000 12
20160421110000 3
20160421120000 1
20160421130000 3
20160421140000 8
20160421150000 1
20160421170000 1
20160421190000 2
20160421210000 2
20160422090000 2
20160422100000 2
20160422130000 1
20160422140000 1
20160422150000 6
20160422160000 1
20160423120000 1
20160423140000 2
20160423150000 2
20160423170000 2
20160424090000 1
20160424110000 1
20160424130000 2
20160424140000 1
20160424160000 2
20160424170000 2
20160424200000 1
20160424210000 1
20160425070000 2
20160425090000 1
20160425110000 2
20160425150000 1
20160425160000 4
20160425170000 1
20160425180000 2
20160425190000 1
20160425210000 1
20160425220000 1
20160426070000 1
20160426080000 2
20160426100000 3
20160426110000 1
20160426120000 1
20160426160000 2
20160426200000 1
20160426210000 1
20160426220000 1
20160427000000 1
20160427080000 2
20160427090000 1
20160427110000 1
20160427140000 2
20160427150000 1
20160427160000 1
20160427170000 1
20160427180000 1
20160427210000 1
20160427220000 1
20160427230000 1
20160428070000 1
20160428080000 1
20160428100000 2
20160428110000 2
20160428140000 2
20160428160000 2
20160428180000 2
20160428190000 1
20160428200000 1
20160428220000 1
20160429090000 1
20160429100000 2
20160429110000 2
20160429120000 1
20160429140000 2
20160429150000 4
20160429160000 2
20160429170000 1
20160429180000 1
20160429190000 1
20160430100000 1
20160430130000 2
20160430140000 1
20160430230000 1
20151001090000 1
20151001110000 1
20151001130000 2
20151001140000 1
20151001150000 1
20151001160000 2
20151001170000 3
20151001180000 1
20151001220000 1
20151002000000 1
20151002110000 2
20151002140000 4
20151002150000 6
20151002160000 1
20151002170000 1
20151003090000 2
20151003100000 1
20151003120000 1
20151003130000 1
20151003180000 1
20151004110000 1
20151004120000 1
20151004130000 1
20151004150000 1
20151004160000 1
20151004180000 2
20151004210000 1
20151005110000 1
20151005120000 3
20151005130000 2
20151005140000 2
20151005150000 4
20151005160000 2
20151005170000 1
20151005210000 2
20151006100000 1
20151006110000 2
20151006130000 4
20151006140000 1
20151006160000 3
20151006170000 2
20151006180000 1
20151006200000 2
20151006230000 1
20151007090000 3
20151007100000 1
20151007110000 2
20151007120000 1
20151007130000 3
20151007140000 3
20151007150000 2
20151007160000 3
20151007170000 1
20151007190000 1
20151007200000 2
20151007210000 1
20151007220000 2
20151008080000 1
20151008090000 1
20151008100000 3
20151008120000 4
20151008130000 1
20151008140000 4
20151008150000 1
20151008160000 1
20151008170000 1
20151008180000 1
20151008190000 5
20151008210000 1
20151008220000 3
20151008230000 1
20151009080000 1
20151009090000 1
20151009100000 4
20151009110000 1
20151009120000 1
20151009130000 1
20151009150000 5
20151009170000 1
20151010090000 1
20151010120000 1
20151010150000 4
20151010180000 2
20151010190000 1
20151010230000 1
20151011110000 1
20151011120000 1
20151011130000 1
20151011150000 1
20151011160000 1
20151011180000 2
20151012100000 1
20151012110000 2
20151012120000 2
20151012130000 3
20151012140000 1
20151012150000 1
20151012160000 2
20151012170000 1
20151012180000 3
20151012190000 1
20151012200000 2
20151012230000 1
20151013000000 1
20151013010000 1
20151013090000 2
20151013100000 4
20151013110000 6
20151013120000 1
20151013130000 2
20151013140000 3
20151013160000 1
20151013180000 2
20151014060000 1
20151014080000 1
20151014110000 3
20151014120000 3
20151014140000 2
20151014150000 2
20151014170000 2
20151014180000 2
20151014190000 1
20151014210000 1
20151014230000 2
20151015010000 1
20151015070000 1
20151015100000 1
20151015110000 1
20151015120000 3
20151015130000 6
20151015140000 2
20151015150000 4
20151015160000 3
20151015170000 3
20151015180000 4
20151015200000 1
20151015210000 1
20151016080000 1
20151016090000 2
20151016100000 2
20151016110000 3
20151016120000 1
20151016140000 1
20151016150000 3
20151016160000 1
20151016170000 3
20151016190000 1
20151016200000 1
20151017100000 2
20151017110000 1
20151017120000 2
20151017130000 1
20151017160000 1
20151018110000 1
20151018120000 1
20151018160000 2
20151018170000 1
20151018180000 1
20151018200000 1
20151018220000 2
20151018230000 1
20151019010000 1
20151019080000 1
20151019110000 1
20151019120000 2
20151019130000 3
20151019140000 2
20151019160000 1
20151019170000 3
20151019210000 1
20151019230000 1
20151020000000 1
20151020070000 1
20151020080000 1
20151020090000 2
20151020100000 1
20151020110000 1
20151020140000 2
20151020160000 4
20151020170000 4
20151020180000 3
20151020190000 2
20151020200000 1
20151020210000 2
20151020220000 1
20151021070000 3
20151021080000 1
20151021090000 2
20151021110000 2
20151021120000 1
20151021130000 1
20151021150000 4
20151021170000 1
20151021180000 1
20151021210000 1
20151021220000 1
20151022080000 1
20151022090000 2
20151022100000 2
20151022110000 2
20151022120000 1
20151022130000 2
20151022140000 3
20151022150000 2
20151022160000 1
20151022170000 1
20151022200000 1
20151023080000 2
20151023090000 4
20151023110000 2
20151023120000 1
20151023150000 1
20151024110000 1
20151024140000 1
20151024170000 1
20151024180000 3
20151024210000 1
20151025090000 1
20151025100000 1
20151025110000 1
20151025120000 2
20151025150000 1
20151026090000 2
20151026100000 1
20151026110000 7
20151026120000 2
20151026130000 1
20151026140000 1
20151026150000 2
20151026160000 1
20151026180000 2
20151026190000 6
20151026210000 2
20151026230000 1
20151027090000 1
20151027110000 2
20151027120000 2
20151027140000 2
20151027150000 2
20151027170000 5
20151027180000 2
20151027190000 1
20151027200000 2
20151027230000 2
20151028090000 1
20151028110000 1
20151028120000 1
20151028140000 3
20151028150000 1
20151028180000 1
20151028190000 1
20151028200000 1
20151028210000 4
20151028230000 1
20151029090000 1
20151029100000 3
20151029110000 2
20151029120000 1
20151029130000 2
20151029140000 1
20151029150000 2
20151029170000 2
20151029200000 2
20151029230000 1
20151030130000 2
20151030140000 1
20151030150000 2
20151030160000 3
20151030170000 1
20151030180000 2
20151030200000 1
20151030210000 1
20151030220000 2
20151031110000 2
20151031160000 1
20151031180000 1
20151101160000 1
20151101180000 1
20151101190000 1
20151101200000 1
20151101210000 1
20151102000000 1
20151102090000 3
20151102100000 2
20151102110000 3
20151102120000 2
20151102140000 1
20151102150000 1
20151102160000 1
20151102180000 2
20151102190000 2
20151102200000 2
20151102230000 4
20151103010000 1
20151103090000 1
20151103100000 4
20151103110000 1
20151103120000 1
20151103140000 1
20151103150000 1
20151103160000 1
20151103170000 1
20151103180000 1
20151103190000 1
20151103200000 1
20151103230000 2
20151104090000 1
20151104100000 4
20151104110000 5
20151104140000 1
20151104150000 2
20151104160000 1
20151104170000 2
20151104180000 3
20151104210000 2
20151104220000 1
20151105010000 2
20151105080000 1
20151105090000 2
20151105110000 1
20151105120000 2
20151105130000 2
20151105150000 1
20151105160000 1
20151105170000 1
20151105180000 4
20151105190000 1
20151105220000 1
20151106010000 1
20151106090000 2
20151106100000 1
20151106120000 3
20151106160000 2
20151106190000 1
20151106230000 1
20151107000000 1
20151107100000 2
20151107120000 3
20151107160000 1
20151107170000 3
20151107200000 1
20151108100000 2
20151108120000 1
20151108130000 2
20151108140000 2
20151108150000 3
20151108160000 2
20151108170000 2
20151108190000 1
20151108200000 1
20151108230000 1
20151109110000 4
20151109120000 4
20151109140000 1
20151109150000 1
20151109160000 1
20151109170000 3
20151109190000 2
20151109210000 1
20151109220000 2
20151110120000 2
20151110130000 1
20151110140000 1
20151110160000 1
20151110210000 1
20151110220000 3
20151111110000 3
20151111120000 6
20151111130000 1
20151111140000 3
20151111150000 1
20151111160000 1
20151111170000 2
20151111190000 2
20151111210000 1
20151112090000 1
20151112100000 2
20151112110000 1
20151112120000 11
20151112130000 2
20151112140000 1
20151112150000 1
20151112170000 1
20151112210000 2
20151113090000 1
20151113100000 1
20151113110000 1
20151113120000 2
20151113130000 1
20151113140000 2
20151113150000 3
20151113160000 3
20151114120000 1
20151114140000 1
20151114150000 1
20151114160000 1
20151114170000 2
20151114180000 1
20151114190000 1
20151115120000 1
20151115130000 1
20151115160000 1
20151115170000 2
20151115200000 2
20151115230000 2
20151116000000 1
20151116090000 1
20151116100000 1
20151116110000 1
20151116150000 2
20151116170000 1
20151116180000 4
20151116190000 1
20151116210000 1
20151116220000 3
20151117090000 3
20151117100000 5
20151117110000 4
20151117120000 4
20151117130000 2
20151117140000 2
20151117150000 2
20151117170000 1
20151117180000 1
20151117190000 1
20151117200000 2
20151117210000 1
20151117220000 2
20151118000000 1
20151118010000 1
20151118020000 1
20151118080000 1
20151118090000 1
20151118100000 1
20151118110000 3
20151118120000 3
20151118130000 5
20151118140000 2
20151118150000 1
20151118160000 4
20151118190000 2
20151118210000 5
20151119090000 3
20151119130000 2
20151119150000 1
20151119160000 1
20151119170000 1
20151119180000 1
20151119190000 1
20151120120000 3
20151120180000 1
20151120230000 1
20151121110000 1
20151121120000 1
20151121140000 1
20151121150000 1
20151121160000 1
20151121170000 1
20151121180000 1
20151121190000 1
20151122100000 1
20151122120000 2
20151122140000 1
20151122160000 1
20151122180000 1
20151122190000 1
20151123080000 2
20151123090000 1
20151123100000 2
20151123110000 1
20151123120000 2
20151123130000 3
20151123150000 2
20151123160000 2
20151123170000 1
20151123180000 1
20151123210000 2
20151124090000 4
20151124110000 1
20151124120000 1
20151124130000 1
20151124140000 1
20151124150000 1
20151124170000 1
20151124180000 2
20151124190000 1
20151124200000 4
20151124210000 1
20151125090000 3
20151125100000 1
20151125110000 1
20151125120000 1
20151125130000 2
20151125140000 2
20151125150000 1
20151125160000 2
20151125170000 1
20151125180000 1
20151125210000 1
20151125230000 2
20151126090000 2
20151126100000 2
20151126110000 1
20151126120000 2
20151126130000 2
20151126140000 3
20151126150000 1
20151126170000 3
20151126180000 1
20151126190000 3
20151126220000 1
20151126230000 2
20151127090000 1
20151127120000 2
20151127130000 1
20151127150000 2
20151127210000 2
20151128150000 2
20151128170000 1
20151129100000 1
20151129150000 1
20151129170000 3
20151129190000 1
20151129200000 2
20151130020000 1
20151130100000 1
20151130110000 1
20151130120000 2
20151130130000 1
20151130140000 1
20151130150000 3
20151130170000 2
20151130180000 1
20151130200000 2
20151130210000 2
20151130220000 2
20151201000000 1
20151201080000 1
20151201100000 1
20151201110000 1
20151201130000 1
20151201150000 1
20151201160000 2
20151201170000 1
20151201180000 2
20151201190000 2
20151201230000 1
20151202080000 1
20151202100000 2
20151202110000 4
20151202120000 2
20151202130000 1
20151202150000 1
20151202160000 4
20151202170000 1
20151202190000 1
20151202210000 3
20151202220000 1
20151203110000 2
20151203120000 5
20151203150000 2
20151203160000 1
20151203180000 2
20151204000000 6
20151204010000 1
20151204090000 4
20151204100000 1
20151204110000 1
20151204130000 2
20151204160000 2
20151204180000 4
20151204190000 1
20151204220000 1
20151205110000 1
20151205120000 1
20151205160000 1
20151205200000 1
20151206100000 1
20151206110000 1
20151206140000 1
20151206160000 1
20151206180000 1
20151206210000 2
20151207120000 1
20151207130000 2
20151207140000 2
20151207150000 1
20151207180000 1
20151207190000 3
20151207200000 1
20151208110000 1
20151208130000 1
20151208160000 5
20151208170000 1
20151208180000 1
20151208190000 2
20151208200000 1
20151208230000 1
20151209090000 1
20151209100000 1
20151209130000 1
20151209140000 1
20151209150000 1
20151209160000 5
20151209170000 2
20151209180000 2
20151209190000 1
20151209210000 1
20151209220000 1
20151210090000 1
20151210100000 1
20151210110000 1
20151210140000 1
20151210160000 2
20151210180000 1
20151210200000 1
20151211000000 1
20151211090000 1
20151211110000 2
20151211120000 1
20151211130000 1
20151211160000 2
20151211180000 2
20151211200000 1
20151211210000 1
20151211220000 1
20151212150000 1
20151212170000 1
20151212180000 1
20151212230000 1
20151213110000 1
20151213150000 1
20151213180000 2
20151213200000 2
20151214100000 1
20151214110000 3
20151214120000 1
20151214130000 2
20151214140000 1
20151214160000 1
20151214170000 1
20151214180000 4
20151215010000 1
20151215090000 1
20151215100000 5
20151215110000 1
20151215120000 2
20151215140000 2
20151215150000 1
20151215170000 2
20151215180000 2
20151215190000 1
20151215200000 1
20151215230000 1
20151216080000 2
20151216100000 1
20151216120000 1
20151216150000 4
20151216160000 2
20151216170000 1
20151216200000 1
20151216210000 1
20151217090000 1
20151217100000 5
20151217110000 2
20151217120000 2
20151217130000 1
20151217150000 4
20151217180000 1
20151217220000 1
20151217230000 3
20151218100000 2
20151218140000 1
20151218150000 1
20151218170000 1
20151218210000 1
20151218220000 1
20151219130000 2
20151219150000 1
20151219180000 2
20151219190000 1
20151219210000 1
20151220130000 1
20151220140000 2
20151220150000 1
20151220170000 1
20151220220000 1
20151221100000 2
20151221110000 1
20151221120000 3
20151221130000 1
20151221150000 1
20151221160000 2
20151221220000 1
20151222100000 2
20151222130000 2
20151222150000 2
20151222160000 2
20151222170000 1
20151222180000 1
20151223110000 1
20151223130000 1
20151223140000 1
20151223150000 2
20151223160000 4
20151223190000 1
20151225160000 1
20151226150000 1
20151226200000 2
20151227110000 1
20151227120000 1
20151227140000 1
20151227160000 1
20151227190000 1
20151228000000 1
20151228100000 1
20151228110000 3
20151228120000 1
20151228150000 1
20151228160000 1
20151228190000 1
20151228220000 1
20151229090000 1
20151229100000 2
20151229120000 2
20151229150000 1
20151229160000 1
20151229190000 1
20151229200000 1
20151229230000 1
20151230090000 1
20151230120000 1
20151231140000 1
20151231180000 1
20140103020000 1
20140116190000 1
20140205060000 1
20140327230000 1
20140330180000 1
20140415140000 1
20141010210000 1
20141012220000 1
20141029180000 1
20141111130000 1
20141206060000 1
20141228140000 1
20141228180000 1
20131120070000 1
20131225200000 1
