20160101200000 1
20160102130000 1
20160102140000 1
20160102190000 1
20160102200000 1
20160103140000 1
20160103160000 1
20160103170000 1
20160103200000 1
20160103230000 1
20160104170000 1
20160104190000 1
20160104210000 1
20160105010000 1
20160105110000 1
20160105140000 1
20160105150000 1
20160106020000 1
20160106140000 1
20160106220000 2
20160107130000 1
20160108120000 1
20160108150000 1
20160108170000 1
20160108190000 2
20160108230000 1
20160109000000 2
20160109150000 1
20160109160000 1
20160109170000 3
20160110220000 1
20160111000000 1
20160111100000 1
20160111140000 2
20160111150000 2
20160111160000 4
20160111170000 1
20160111180000 1
20160111200000 1
20160112000000 1
20160112130000 1
20160112170000 1
20160112180000 2
20160112190000 1
20160112200000 1
20160113150000 1
20160113170000 1
20160113180000 1
20160113190000 1
20160114140000 1
20160115120000 1
20160115170000 1
20160115190000 2
20160116050000 2
20160116090000 1
20160116110000 1
20160116180000 1
20160116190000 1
20160116210000 1
20160117110000 1
20160118150000 1
20160119090000 1
20160119110000 1
20160119140000 1
20160119160000 1
20160119190000 2
20160120080000 1
20160120170000 1
20160120190000 1
20160121010000 1
20160121150000 1
20160121190000 1
20160122090000 1
20160122100000 1
20160122110000 2
20160122120000 1
20160122140000 1
20160122170000 1
20160123170000 2
20160124160000 4
20160125190000 1
20160126110000 3
20160126160000 1
20160126180000 1
20160126210000 1
20160128020000 1
20160128080000 1
20160128150000 1
20160128200000 2
20160128220000 1
20160129110000 1
20160129150000 1
20160129160000 1
20160129230000 1
20160130110000 2
20160130170000 1
20160131030000 1
20160201110000 1
20160201140000 2
20160202010000 1
20160202020000 1
20160202080000 1
20160202120000 3
20160202140000 3
20160202150000 2
20160202160000 1
20160202190000 1
20160202230000 1
20160203030000 1
20160203090000 2
20160203100000 1
20160203110000 1
20160203120000 1
20160203130000 2
20160203150000 1
20160203170000 2
20160203190000 1
20160203220000 1
20160204010000 1
20160204070000 1
20160204160000 1
20160204180000 1
20160204190000 1
20160205000000 1
20160205170000 1
20160206100000 1
20160206110000 2
20160206140000 1
20160206150000 1
20160206220000 1
20160207080000 4
20160207150000 1
20160207190000 2
20160208150000 1
20160208180000 1
20160209100000 1
20160209230000 1
20160210140000 2
20160211110000 5
20160211130000 1
20160211170000 1
20160211190000 1
20160211230000 1
20160212110000 1
20160212160000 1
20160212210000 1
20160212230000 1
20160213180000 1
20160214140000 1
20160214160000 2
20160214180000 1
20160214190000 1
20160215010000 1
20160215120000 1
20160215150000 2
20160216000000 1
20160216160000 1
20160216190000 1
20160216200000 1
20160216220000 1
20160216230000 1
20160217090000 1
20160217110000 1
20160217120000 1
20160217170000 1
20160218110000 1
20160218210000 2
20160219080000 1
20160219090000 1
20160219120000 1
20160219130000 1
20160220000000 2
20160220140000 1
20160220170000 2
20160220190000 1
20160220230000 2
20160221100000 2
20160221120000 1
20160221140000 1
20160221150000 1
20160221170000 1
20160221180000 1
20160221220000 1
20160222000000 1
20160222110000 1
20160222150000 1
20160222200000 1
20160222220000 1
20160223000000 2
20160223170000 1
20160223210000 2
20160224080000 1
20160224170000 1
20160224220000 1
20160225140000 2
20160225180000 1
20160225210000 1
20160226120000 1
20160226140000 2
20160226160000 1
20160227060000 1
20160227200000 1
20160228140000 1
20160228180000 2
20160228190000 3
20160228200000 1
20160228220000 1
20160229100000 1
20160229130000 1
20160229150000 1
20160229180000 1
20160301160000 1
20160301210000 1
20160302170000 1
20160302180000 1
20160302230000 1
20160303140000 1
20160304000000 1
20160304010000 1
20160304140000 1
20160304160000 1
20160304220000 1
20160305040000 1
20160305180000 1
20160305190000 2
20160306080000 1
20160306110000 1
20160306170000 1
20160306190000 4
20160306200000 2
20160307000000 1
20160307130000 1
20160307160000 1
20160307170000 1
20160308080000 1
20160308160000 1
20160308220000 1
20160309040000 1
20160309140000 1
20160309150000 1
20160309220000 1
20160310100000 1
20160310210000 1
20160310220000 1
20160311020000 1
20160311140000 1
20160312150000 1
20160313070000 1
20160313130000 1
20160314020000 1
20160314090000 1
20160314110000 1
20160314140000 3
20160314180000 1
20160314190000 1
20160314200000 1
20160314230000 2
20160315030000 1
20160315100000 1
20160315170000 1
20160315210000 1
20160315230000 1
20160316010000 1
20160316120000 1
20160316140000 2
20160316190000 1
20160317160000 2
20160318020000 1
20160318090000 1
20160318100000 2
20160318130000 1
20160318140000 1
20160319120000 2
20160319160000 1
20160319200000 1
20160320010000 1
20160320120000 1
20160320160000 1
20160321010000 1
20160321060000 1
20160321100000 1
20160321110000 1
20160321130000 1
20160322020000 1
20160322140000 1
20160322180000 1
20160323020000 1
20160323080000 1
20160323120000 1
20160323140000 1
20160323180000 2
20160324090000 1
20160324110000 1
20160324130000 1
20160324150000 1
20160324190000 1
20160324230000 1
20160325100000 1
20160325110000 1
20160325140000 1
20160325160000 1
20160325180000 1
20160326120000 1
20160326180000 1
20160326190000 1
20160326200000 1
20160326220000 1
20160328080000 1
20160328110000 1
20160329110000 1
20160329130000 1
20160329160000 1
20160329230000 4
20160330090000 1
20160330100000 2
20160330130000 2
20160330160000 1
20160330230000 1
20160331100000 4
20160331110000 1
20160331120000 2
20160331130000 2
20160331140000 1
20160331160000 2
20160331170000 2
20160331180000 1
20160331210000 1
20160401000000 1
20160401050000 1
20160401090000 3
20160401140000 1
20160401150000 1
20160402150000 1
20160402160000 1
20160403110000 1
20160403130000 2
20160403140000 1
20160403160000 1
20160403180000 1
20160403190000 1
20160404130000 3
20160404170000 1
20160404180000 1
20160404190000 2
20160405110000 1
20160405170000 2
20160405220000 1
20160406090000 1
20160406100000 1
20160406160000 1
20160406210000 1
20160407080000 2
20160407100000 1
20160408050000 1
20160408130000 1
20160408140000 1
20160408180000 1
20160409170000 1
20160410150000 2
20160410170000 1
20160410190000 1
20160410230000 1
20160411080000 1
20160411110000 1
20160411140000 1
20160411150000 1
20160411190000 2
20160412020000 1
20160412080000 1
20160412100000 3
20160412130000 1
20160412140000 1
20160412170000 2
20160412210000 2
20160413050000 1
20160413110000 4
20160413160000 1
20160414130000 1
20160414150000 1
20160414170000 2
20160414180000 1
20160414190000 1
20160414200000 3
20160414220000 1
20160414230000 1
20160415150000 2
20160416140000 2
20160416180000 2
20160417120000 1
20160417130000 1
20160417200000 1
20160418120000 1
20160418140000 1
20160418150000 1
20160418170000 1
20160418190000 2
20160418230000 1
20160419080000 1
20160419120000 1
20160419150000 1
20160419160000 1
20160419210000 1
20160420180000 1
20160420200000 2
20160421080000 1
20160421170000 1
20160421200000 1
20160422090000 2
20160422140000 1
20160423150000 1
20160423170000 2
20160423200000 1
20160423220000 1
20160424000000 1
20160424180000 1
20160425000000 1
20160425140000 1
20160425150000 1
20160426100000 2
20160426110000 1
20160426130000 1
20160426200000 13
20160427100000 2
20160428100000 1
20160428120000 1
20160428130000 1
20160428170000 1
20160428220000 2
20160429070000 1
20160429130000 1
20160429140000 1
20160429150000 1
20160430110000 1
20160430160000 2
20151001100000 1
20151002140000 2
20151002150000 4
20151002160000 3
20151002170000 1
20151002180000 1
20151002200000 1
20151002230000 1
20151003190000 1
20151005100000 1
20151005220000 1
20151006110000 1
20151006140000 2
20151006160000 1
20151006170000 2
20151007120000 1
20151007180000 1
20151008070000 1
20151008090000 1
20151008160000 1
20151008180000 2
20151008220000 1
20151008230000 1
20151009190000 1
20151009220000 1
20151010110000 1
20151010170000 1
20151010190000 1
20151010220000 1
20151012020000 1
20151012110000 1
20151012140000 1
20151012150000 1
20151012210000 1
20151012220000 1
20151013090000 1
20151013130000 1
20151013140000 1
20151014130000 1
20151014140000 1
20151014160000 1
20151015030000 1
20151015070000 1
20151015150000 1
20151016140000 1
20151017040000 1
20151017160000 1
20151017180000 1
20151017220000 1
20151018000000 1
20151018010000 1
20151018200000 1
20151019200000 1
20151019210000 7
20151019220000 7
20151019230000 5
20151020000000 2
20151020070000 4
20151020080000 6
20151020090000 2
20151020100000 2
20151020110000 2
20151020130000 2
20151020140000 4
20151020150000 1
20151020160000 1
20151020170000 2
20151020200000 1
20151020220000 1
20151021000000 1
20151021110000 1
20151021190000 1
20151022140000 1
20151022190000 1
20151022200000 1
20151023040000 1
20151023100000 2
20151023140000 1
20151023150000 1
20151024100000 1
20151024110000 2
20151024130000 2
20151025210000 1
20151026000000 1
20151026100000 1
20151026150000 1
20151026220000 1
20151027030000 1
20151027160000 1
20151027170000 1
20151028140000 1
20151028150000 1
20151028220000 1
20151029010000 1
20151029150000 1
20151029160000 1
20151030140000 1
20151030210000 1
20151031140000 1
20151031150000 1
20151031170000 1
20151031210000 1
20151101170000 1
20151101200000 1
20151101230000 1
20151102110000 1
20151102220000 2
20151103010000 1
20151103030000 1
20151104170000 1
20151104180000 1
20151106000000 1
20151106210000 1
20151107150000 1
20151108110000 1
20151108160000 2
20151109090000 1
20151109190000 2
20151110100000 1
20151110110000 1
20151110120000 1
20151110150000 1
20151110170000 3
20151111060000 1
20151111130000 1
20151111200000 1
20151111220000 1
20151112180000 3
20151113180000 1
20151114230000 1
20151115170000 1
20151116030000 1
20151116230000 1
20151117140000 1
20151117230000 1
20151118090000 1
20151118120000 2
20151119000000 1
20151119210000 1
20151120110000 1
20151120150000 1
20151120190000 1
20151121170000 1
20151121190000 1
20151123080000 1
20151123110000 1
20151123220000 1
20151124020000 1
20151124100000 1
20151124180000 1
20151125130000 1
20151125150000 1
20151125190000 1
20151125210000 3
20151126020000 1
20151126120000 3
20151126130000 1
20151126140000 1
20151126150000 1
20151126220000 1
20151126230000 1
20151127130000 1
20151127180000 1
20151127200000 1
20151127210000 1
20151127220000 1
20151128130000 4
20151128160000 1
20151128170000 1
20151128190000 1
20151129230000 2
20151130110000 1
20151130200000 1
20151130220000 1
20151201160000 1
20151201170000 1
20151202000000 1
20151202010000 1
20151202090000 1
20151202100000 1
20151203000000 1
20151203090000 1
20151203180000 1
20151203210000 1
20151204180000 1
20151205130000 1
20151205170000 1
20151205180000 1
20151206010000 1
20151206150000 1
20151206160000 1
20151207080000 1
20151207200000 1
20151208000000 2
20151208160000 1
20151208170000 1
20151209150000 1
20151210120000 1
20151210200000 1
20151211100000 1
20151211120000 1
20151211180000 1
20151211210000 1
20151212090000 1
20151212130000 1
20151213000000 1
20151213010000 1
20151214060000 1
20151214230000 1
20151215160000 1
20151215170000 1
20151216090000 1
20151216160000 1
20151217090000 1
20151217200000 1
20151217220000 1
20151218200000 1
20151218210000 1
20151219140000 1
20151219170000 1
20151219190000 2
20151219210000 1
20151221210000 2
20151221220000 5
20151221230000 4
20151222000000 1
20151222100000 1
20151222120000 1
20151222160000 1
20151222200000 1
20151223170000 1
20151224000000 1
20151224150000 1
20151226180000 1
20151226210000 1
20151226220000 2
20151227140000 1
20151227180000 2
20151227200000 1
20151228160000 1
20151229010000 2
20151229110000 1
20151229180000 1
20151230000000 1
20151230030000 1
20151230090000 1
20151230220000 1
20151231130000 1
20150101020000 1
20150101220000 1
20150104220000 2
20150105140000 1
20150107000000 1
20150107180000 1
20150109220000 2
20150110020000 2
20150115050000 2
20150117180000 1
20150117210000 1
20150120110000 2
20150121160000 1
20150124090000 1
20150124180000 1
20150125210000 2
20150128190000 1
20150129230000 1
20150131140000 1
20150201190000 1
20150203170000 1
20150204200000 1
20150204210000 1
20150206040000 1
20150206140000 1
20150208170000 2
20150210110000 1
20150211060000 1
20150211200000 1
20150212210000 1
20150216110000 1
20150216220000 1
20150217070000 1
20150219000000 1
20150219020000 1
20150219070000 1
20150221180000 2
20150222170000 1
20150225190000 1
20150226110000 1
20150227090000 1
20150228090000 1
20150228100000 1
20150228150000 1
20150304070000 1
20150305000000 1
20150305230000 1
20150306000000 1
20150306120000 1
20150307030000 1
20150307090000 2
20150310010000 1
20150310040000 2
20150310080000 1
20150310180000 1
20150312220000 1
20150314030000 1
20150317020000 1
20150318080000 1
20150318090000 1
20150319000000 1
20150320030000 1
20150321030000 1
20150322200000 1
20150324150000 1
20150325060000 1
20150326030000 1
20150326080000 1
20150327030000 1
20150327040000 1
20150327070000 1
20150327140000 1
20150327190000 1
20150330130000 1
20150330220000 1
20150331180000 1
20150331210000 1
20150403220000 1
20150406050000 1
20150407060000 1
20150407090000 1
20150412160000 1
20150414000000 1
20150414130000 1
20150416070000 1
20150417150000 1
20150418050000 1
20150419140000 1
20150420060000 1
20150420120000 2
20150421040000 1
20150421070000 1
20150421170000 1
20150422020000 1
20150422070000 1
20150422200000 1
20150422210000 1
20150423050000 1
20150423060000 1
20150423210000 1
20150424020000 1
20150425140000 1
20150426210000 1
20150426220000 1
20150427100000 1
20150428190000 1
20150429010000 1
20150430110000 1
20150430120000 1
20140101110011 1
20140101140002 1
20140102060008 1
20140103190001 1
20140103230000 1
20140104000014 1
20140104060000 1
20140106210000 1
20140108180000 1
20140108190000 1
20140108200000 1
20140108210000 1
20140109000000 1
20140109040000 1
20140109110000 1
20140109150000 1
20140110100000 1
20140110160000 2
20140110210000 1
20140112120000 1
20140112170000 1
20140112230000 2
20140113130000 1
20140113150000 1
20140113180000 1
20140113190000 1
20140114000000 1
20140114130000 1
20140114170000 1
20140114180001 1
20140114190000 2
20140115010000 1
20140115120000 1
20140115230000 1
20140116060000 1
20140116070000 1
20140116100000 1
20140116120000 1
20140116140000 1
20140116150000 2
20140116160000 1
20140116180000 1
20140116190000 1
20140116210000 2
20140116220000 3
20140116230000 6
20140117000000 2
20140117010000 2
20140117040000 1
20140117050000 1
20140117060000 3
20140117070000 1
20140117080000 6
20140117090000 2
20140117100000 1
20140117140000 2
20140117150000 2
20140117160000 1
20140117210000 1
20140117230000 3
20140118040000 1
20140118060000 1
20140118100000 1
20140118120000 1
20140118160000 1
20140119080000 1
20140119100000 1
20140120100000 1
20140120110000 1
20140120210000 1
20140120230000 1
20140122160000 1
20140122200000 1
20140123130000 1
20140123200000 1
20140123230000 1
20140124050000 2
20140124130000 1
20140125150000 1
20140125220000 1
20140125230000 1
20140126110000 1
20140126130000 1
20140126150000 1
20140126180000 1
20140126210000 1
20140127070000 1
20140127130000 1
20140127150000 1
20140128070000 1
20140128100000 1
20140128220002 1
20140129140000 2
20140130110000 1
20140130170000 1
20140130200000 1
20140131090000 1
20140131190000 1
20140131210000 1
20140201090000 1
20140201140000 1
20140202000000 1
20140203120000 1
20140203190000 3
20140204090000 1
20140204120000 1
20140204130000 1
20140204160001 1
20140204170000 1
20140204200000 1
20140205140000 1
20140206100000 2
20140206180000 1
20140208180000 1
20140209170000 1
20140209190000 1
20140210000000 1
20140210010000 1
20140210080000 1
20140210100000 1
20140210200000 1
20140211170000 1
20140211200000 1
20140211210000 1
20140213180000 2
20140214080000 1
20140214230000 1
20140215000000 1
20140215090000 1
20140215140000 1
20140215220000 1
20140217070000 1
20140218070000 1
20140218090000 3
20140218120000 3
20140218130000 1
20140218200000 1
20140219090000 1
20140219190000 1
20140220040000 2
20140220090000 1
20140221160000 2
20140222070001 1
20140222080000 2
20140222190000 1
20140223020000 1
20140223110000 1
20140223160000 1
20140223200000 2
20140224230000 1
20140225140000 1
20140225160000 1
20140225200000 1
20140225210000 1
20140226000000 2
20140226130000 1
20140227130000 2
20140228090000 1
20140301060000 1
20140303130000 2
20140303170002 1
20140303190000 1
20140303220000 1
20140304150000 2
20140304160000 1
20140304230000 1
20140305120000 1
20140305140000 1
20140306050000 3
20140306080000 1
20140306130000 1
20140307000000 3
20140307020000 3
20140307080000 3
20140308070000 1
20140308190001 1
20140309020000 1
20140309180000 1
20140309220000 2
20140310060000 1
20140310140000 2
20140311020000 1
20140311200000 1
20140312080000 1
20140313040000 1
20140313150000 1
20140314040000 1
20140314100000 1
20140315020000 1
20140315170000 1
20140316060000 1
20140316130000 2
20140317090000 1
20140317110000 1
20140317120000 1
20140317150000 1
20140317170000 1
20140318020000 1
20140319080000 1
20140321060000 1
20140322130000 2
20140323010000 1
20140323090000 1
20140323130000 1
20140323140000 1
20140324130000 1
20140324170000 1
20140325090000 1
20140325220000 1
20140327070000 2
20140327210000 2
20140328000000 1
20140328040000 1
20140328190000 1
20140329030000 1
20140329210000 1
20140330140000 1
20140331160000 1
20140331190000 1
20140331220000 1
20140331230000 2
20140401130000 1
20140401210000 1
20140402210000 1
20140403020000 1
20140404210000 1
20140405130000 1
20140405230000 2
20140406050000 1
20140408090000 1
20140409220000 1
20140410040000 2
20140410130000 2
20140411000000 1
20140411040000 1
20140415010000 2
20140415180000 1
20140415220000 1
20140417060000 1
20140418040000 1
20140419010000 1
20140419140000 1
20140420000000 1
20140420010000 1
20140420160000 1
20140420200000 1
20140422060000 1
20140423210000 1
20140424220000 1
20140425020000 1
20140425060000 1
20140427020000 1
20140427090000 1
20140427100000 1
20140427150000 1
20140428170000 1
20140428230000 1
20140429210000 1
20140430070000 1
20140430180000 1
20140430190000 1
20141002130000 1
20141003050000 1
20141003120000 1
20141003220000 1
20141004130000 1
20141004150000 1
20141005110000 1
20141006060000 1
20141007110000 1
20141007170000 1
20141008000000 1
20141008020000 1
20141008080000 1
20141008210000 1
20141009190000 2
20141009200000 1
20141010080000 1
20141010090000 2
20141010110000 1
20141010200000 1
20141010220000 1
20141011080000 1
20141011090000 2
20141012110000 1
20141013050000 1
20141013080000 1
20141013160000 1
20141013200000 1
20141013210000 1
20141014110000 1
20141014210000 1
20141015080000 1
20141015100000 1
20141015130000 1
20141016010000 1
20141021160000 2
20141022090000 2
20141023150000 1
20141023160000 1
20141023230000 1
20141026100000 2
20141030090000 1
20141031120000 2
20141031130000 1
20141101210000 1
20141103090000 1
20141106010000 2
20141109100000 1
20141110100000 1
20141111140000 1
20141111180000 2
20141112030000 1
20141113110000 1
20141113120000 1
20141113140000 1
20141116100000 1
20141117000000 1
20141117130000 2
20141120110000 1
20141121040000 1
20141121120000 2
20141122020000 1
20141123210000 2
20141124220000 1
20141128210000 2
20141129070000 1
20141129100000 1
20141129190000 2
20141203120000 1
20141204050000 1
20141205030000 1
20141205040000 2
20141205220000 1
20141206050000 1
20141209110000 1
20141209130000 1
20141211000000 2
20141212040000 1
20141212190000 1
20141215230000 1
20141216070000 2
20141218170000 1
20141219190000 1
20141220190000 1
20141221100000 1
20141221220000 2
20141222060000 1
20141222080000 1
20141222170000 1
20141224220000 1
20141226160000 1
20141227040000 2
20141228130000 1
20141230170000 1
20141231110000 3
20141231150000 2
20130101230000 1
20130102230000 1
20130103130000 1
20130103230000 1
20130106130000 1
20130106200000 1
20130107200000 1
20130108000000 1
20130108030000 1
20130108040000 1
20130108050001 1
20130108060000 2
20130108170001 1
20130108180000 1
20130108230000 1
20130109020000 1
20130109030000 1
20130110000000 1
20130112220000 1
20130113000000 1
20130113010000 1
20130113230000 1
20130114130000 1
20130115000000 1
20130116230000 1
20130119210000 1
20130119230000 1
20130120230000 1
20130121230000 1
20130122080000 1
20130122210000 1
20130122220000 1
20130123230000 1
20130124230000 1
20130125120000 1
20130125230000 1
20130127230000 1
20130129230000 1
20130130050000 1
20130131230000 1
20130202100000 1
20130204230000 1
20130206040000 1
20130206230000 1
20130207060000 1
20130208000000 1
20130209000000 1
20130210170000 1
20130211080000 1
20130211100000 1
20130212040000 1
20130216110000 1
20130217040000 1
20130217060000 1
20130217230000 1
20130219010000 1
20130220010001 1
20130221210001 1
20130221230000 1
20130223000000 1
20130224000000 1
20130226000000 1
20130227000000 1
20130228000000 1
20130302000000 1
20130302020000 1
20130303000000 1
20130303110000 1
20130304150000 1
20130305070000 1
20130306000000 1
20130306230000 1
20130309050000 1
20130310130000 1
20130311000000 1
20130311230000 1
20130316000000 1
20130316020000 1
20130320220000 1
20130321070000 1
20130322070000 1
20130323000000 1
20130323080000 1
20130324000000 1
20131004090000 1
20131004110000 1
20131004210000 1
20131005220000 1
20131010040003 1
20131012000000 1
20131014060011 1
20131015150002 1
20131016110000 1
20131017030000 1
20131018020000 1
20131018110001 1
20131021160013 1
20131023050000 1
20131025100000 1
20131026210000 1
20131028150000 1
20131029210000 1
20131105190001 1
20131106110001 1
20131106230014 1
20131107050001 1
20131107140003 4
20131107150000 2
20131107160000 5
20131107170005 3
20131107180003 2
20131107190000 2
20131107200001 1
20131107210016 3
20131108000001 3
20131108110000 1
20131108120000 6
20131108130000 2
20131108150001 3
20131108160017 1
20131108200000 3
20131108210000 1
20131108230000 1
20131109080000 3
20131109100001 3
20131109110000 3
20131109120012 3
20131109130001 1
20131109150010 5
20131109160000 3
20131109170002 3
20131109180000 2
20131109190014 9
20131109200002 4
20131109210000 4
20131109230005 2
20131110000011 1
20131110020001 1
20131110030001 1
20131110040000 1
20131110090000 1
20131110100000 1
20131110120000 3
20131110130003 2
20131110140000 1
20131110150000 1
20131110160008 2
20131110170015 2
20131110180001 5
20131110190000 1
20131110200000 3
20131110220002 2
20131110230001 3
20131111000000 1
20131111050000 1
20131111060000 3
20131111080000 1
20131111090001 3
20131111100003 3
20131111110000 4
20131111120007 2
20131111130001 1
20131111140004 2
20131111150016 2
20131111160001 3
20131111170012 1
20131111180000 4
20131111190001 2
20131111200000 2
20131111210014 2
20131111220000 1
20131112010000 1
20131112050003 1
20131112060000 2
20131112070000 6
20131112080012 1
20131112090000 5
20131112100000 1
20131112110001 3
20131112120000 6
20131112130001 1
20131112150002 4
20131112160001 1
20131112170001 2
20131112180000 2
20131112190001 5
20131112200006 4
20131112210003 2
20131112220013 1
20131112230000 1
20131113010000 1
20131113050000 1
20131113080000 2
20131113090000 4
20131113100000 5
20131113110000 2
20131113120000 2
20131113130000 3
20131113140001 3
20131113150015 2
20131113160005 4
20131113170000 2
20131113180001 4
20131113190013 1
20131113200018 3
20131113220014 2
20131114030005 1
20131114060000 1
20131114090000 1
20131114100000 2
20131114110001 3
20131114120014 4
20131114130001 1
20131114140000 1
20131114150014 6
20131114160007 3
20131114170001 2
20131114180000 4
20131114190001 7
20131114200003 4
20131114220002 1
20131115010013 3
20131115030000 1
20131115040000 1
20131115060000 1
20131115070000 3
20131115090001 3
20131115100000 6
20131115110000 2
20131115120000 4
20131115140000 3
20131115150014 2
20131115160000 2
20131115170001 4
20131115180000 2
20131115190000 2
20131115200001 2
20131115210012 2
20131115220001 1
20131116000001 1
20131116010000 3
20131116040001 1
20131116080000 1
20131116090000 6
20131116100003 1
20131116110000 1
20131116120001 1
20131116130014 1
20131116140000 1
20131116150001 1
20131116160000 6
20131116180000 1
20131116190000 2
20131116200000 2
20131116210001 1
20131116220000 2
20131116230000 1
20131117000000 1
20131117010005 3
20131117050000 1
20131117070008 1
20131117100001 1
20131117110012 3
20131117120000 4
20131117130004 1
20131117150000 2
20131117160001 5
20131117170000 3
20131117180000 6
20131117190000 3
20131117210001 2
20131117220003 2
20131118000014 1
20131118010000 1
20131118070011 1
20131118080012 5
20131118090013 1
20131118100000 3
20131118110002 7
20131118140001 9
20131118150001 3
20131118160003 4
20131118170000 2
20131118180000 3
20131118190000 2
20131118200000 5
20131118220001 1
20131118230002 5
20131119000001 1
20131119080007 1
20131119090000 4
20131119100001 1
20131119110008 4
20131119120000 2
20131119130000 1
20131119140015 2
20131119150003 6
20131119160000 5
20131119170001 3
20131119180001 1
20131119190000 5
20131119200004 7
20131119210000 4
20131119220001 3
20131119230001 4
20131120000008 2
20131120010000 1
20131120020000 1
20131120030000 1
20131120060009 1
20131120070000 1
20131120090000 3
20131120100000 6
20131120110000 3
20131120120002 3
20131120130000 1
20131120140000 4
20131120160007 5
20131120170000 3
20131120180002 3
20131120190001 3
20131120200000 1
20131120210001 1
20131120220011 3
20131120230000 1
20131121000001 1
20131121030000 2
20131121070000 1
20131121080000 1
20131121090001 3
20131121100010 3
20131121110001 1
20131121120000 4
20131121130002 3
20131121140000 3
20131121160002 6
20131121170003 1
20131121200000 1
20131121230000 1
20131122000001 1
20131122050008 1
20131122060000 1
20131122070005 1
20131122080007 1
20131122090000 1
20131122110003 1
20131122120012 4
20131122130000 2
20131122150001 2
20131122160005 2
20131122170003 3
20131122180012 3
20131122220000 5
20131123010000 1
20131123020000 1
20131123100010 1
20131123110011 3
20131123120000 1
20131123130002 1
20131123150001 3
20131123160000 3
20131123170014 2
20131123180000 3
20131123190000 2
20131123200001 2
20131123210000 1
20131124000000 1
20131124050010 1
20131124060002 1
20131124080009 2
20131124090000 2
20131124120014 1
20131124150000 4
20131124160015 1
20131124180000 2
20131124190000 3
20131124200003 2
20131124220011 1
20131124230013 6
20131125040000 1
20131125080000 2
20131125100000 3
20131125140013 4
20131125150003 3
20131125160001 2
20131125170000 2
20131125180000 2
20131125190000 2
20131125210002 1
20131125230013 1
20131126000000 2
20131126040001 1
20131126080000 1
20131126090001 2
20131126100013 4
20131126110000 2
20131126120003 2
20131126130000 2
20131126140000 7
20131126150003 5
20131126160001 2
20131126170000 4
20131126190008 1
20131126210013 2
20131126220002 3
20131127000000 1
20131127090001 2
20131127100002 2
20131127110000 2
20131127120001 6
20131127130000 2
20131127150000 2
20131127160001 1
20131127170000 4
20131127180002 3
20131127190002 1
20131127200004 1
20131127210002 4
20131127220000 2
20131127230001 1
20131128000000 2
20131128010011 1
20131128040000 1
20131128060000 1
20131128080000 2
20131128110000 1
20131128120000 1
20131128130012 2
20131128140001 2
20131128150004 4
20131128160001 2
20131128170002 6
20131128180000 1
20131128190000 7
20131128200000 2
20131128210000 7
20131128220001 2
20131128230003 3
20131129010000 2
20131129080000 1
20131129100000 3
20131129110000 7
20131129120000 1
20131129140001 1
20131129150000 3
20131129180002 3
20131129190000 1
20131129200000 1
20131129220001 2
20131130000000 1
20131130080011 1
20131130090000 4
20131130100001 2
20131130110007 1
20131130120001 4
20131130130006 3
20131130150002 4
20131130160014 3
20131130170013 1
20131130180001 1
20131130190014 2
20131130200014 7
20131130230000 1
20131201000000 2
20131201020000 4
20131201030001 2
20131201050009 1
20131201060000 1
20131201090000 2
20131201100000 1
20131201110000 2
20131201130001 3
20131201140009 2
20131201150014 1
20131201160002 2
20131201170007 1
20131201180003 3
20131201190000 1
20131201200002 2
20131201210011 1
20131201220001 1
20131202000013 2
20131202010012 1
20131202070000 2
20131202090002 4
20131202100000 1
20131202120000 2
20131202130014 1
20131202140010 1
20131202160000 1
20131202170003 1
20131202180000 4
20131202190002 4
20131202200013 3
20131202210008 7
20131202220012 4
20131202230001 5
20131203020003 1
20131203080000 2
20131203090002 2
20131203100000 2
20131203110001 5
20131203120000 4
20131203130000 5
20131203140006 5
20131203150000 2
20131203160001 4
20131203170000 4
20131203180001 2
20131203190000 8
20131203210005 3
20131203220000 2
20131203230000 3
20131204000001 1
20131204010000 1
20131204030000 1
20131204060011 1
20131204080000 3
20131204090001 1
20131204100001 1
20131204110013 4
20131204120000 3
20131204130000 1
20131204140000 1
20131204150000 1
20131204160000 1
20131204170016 3
20131204180014 1
20131204190001 6
20131204200000 4
20131204220013 1
20131204230013 5
20131205040000 1
20131205080000 1
20131205090000 1
20131205100000 2
20131205120004 2
20131205130000 1
20131205150001 1
20131205160000 4
20131205170011 8
20131205180001 3
20131205190000 4
20131205200000 1
20131205210000 4
20131205230000 7
20131206000011 1
20131206010011 2
20131206060000 1
20131206070000 1
20131206080000 1
20131206090001 5
20131206100000 3
20131206120000 5
20131206130013 6
20131206140000 2
20131206150006 10
20131206160000 1
20131206170014 6
20131206180001 5
20131206190000 2
20131206220001 3
20131206230000 2
20131207010001 1
20131207030000 1
20131207060000 3
20131207090000 2
20131207100000 1
20131207110001 2
20131207120000 4
20131207130014 2
20131207160000 2
20131207170000 1
20131207180015 1
20131207200000 8
20131207210000 1
20131207230000 1
20131208070012 1
20131208080000 2
20131208100000 3
20131208110000 1
20131208130007 1
20131208140000 3
20131208150000 6
20131208170000 5
20131208190015 1
20131208200015 1
20131208210000 3
20131208220000 2
20131208230000 2
20131209000012 1
20131209010012 2
20131209020000 1
20131209070001 1
20131209090000 3
20131209100000 2
20131209110006 4
20131209120000 2
20131209140001 3
20131209150001 1
20131209160015 1
20131209180015 1
20131209200002 1
20131209210000 1
20131209230000 1
20131210070000 2
20131210210001 1
20131210220001 1
20131211140000 1
20131211190000 3
20131211230009 1
20131212000013 1
20131212070011 1
20131213030000 1
20131213070000 1
20131213230000 1
20131215000000 1
20131215110000 1
20131215120000 1
20131215150000 1
20131215200000 1
20131216050000 1
20131217050000 1
20131217060000 1
20131217190000 1
20131218030001 1
20131219100013 1
20131219170003 1
20131219180001 1
20131220140000 1
20131220170000 1
20131221120004 1
20131224120000 2
20131225190002 1
20131226030001 1
20131226130004 1
20131227150013 1
20131227220000 1
20131228110000 1
20131228150000 2
20131229040000 1
20131230020000 1
20131230070011 1
20131230200000 1
20131230220008 1
20131231030000 1
20131231120000 1
20131231170000 1
20121001220000 1
20121003200000 1
20121004010000 1
20121004020000 1
20121005040000 1
20121006020000 1
20121006040000 1
20121007150001 1
20121010180000 1
20121013230000 1
20121015040000 1
20121018100001 1
20121018120000 1
20121019010000 1
20121020190000 1
20121021220001 1
20121022180000 1
20121024120000 1
20121025110000 2
20121026120000 1
20121027000000 1
20121027190000 1
20121029120000 1
20121031040000 1
20121031130000 1
20121102010000 1
20121102030000 1
20121102100000 1
20121102110000 1
20121103010001 1
20121104000000 1
20121104120000 1
20121104230000 1
20121105010000 1
20121105100000 2
20121105130000 1
20121105140000 1
20121106010000 1
20121106030000 1
20121106060000 1
20121106130000 1
20121107020000 1
20121107090000 1
20121108010000 1
20121108040000 1
20121108070000 2
20121108110000 1
20121108120000 1
20121108140000 1
20121109020000 1
20121109090000 1
20121110060000 1
20121111030000 1
20121111100000 1
20121111120000 1
20121111170001 1
20121112020000 2
20121113030000 1
20121114000000 1
20121114050000 1
20121116040000 1
20121116180000 1
20121119020001 1
20121120010000 1
20121120040000 1
20121121020000 1
20121121050001 1
20121121070000 1
20121124000000 1
20121124170000 1
20121127140000 1
20121129000001 1
20121129050000 1
20121201050000 1
20121201180000 1
20121203060001 1
20121205210001 1
20121208080000 1
20121209220000 1
20121210200000 1
20121211150000 1
20121213010000 1
20121214070000 1
20121215030000 1
20121215100001 1
20121216110001 1
20121216160000 1
20121218110000 1
20121220100000 1
20121222080000 1
20121222230000 1
20121224000000 1
20121224230000 1
20121225230000 1
20121228000000 1
20121228170000 1
20121229070000 1
20121230000000 1
20121230230000 1
20120101120000 1
20120117090000 1
20120124110000 1
20120212100000 1
20120302110000 1
20120306120000 1
20120323090000 1
20120326060000 1
20120327120000 1
20120405100000 1
20120408210000 1
20120419070000 1
20120427000000 1
20111002060000 1
20111013170000 1
20111014020000 1
20111016230000 1
20111022040000 1
20111023110001 1
20111111040001 1
20111119090000 1
20111201090000 1
20111214100000 1
